1000
2412106
9283169
9681185
12965312
15706893
20319469
22220744
22249926
22422854
25796101
26254673
27100880
32978888
36785777
37970601
38245700
43434771
44329806
47643631
49060392
49650745
52113772
56926800
56939490
57630236
58206700
60109631
62014176
62435584
63157770
65716501
66588303
66629366
66885030
69774730
75681081
79546437
80455049
85089760
85236802
89640894
89662219
90785886
91126510
95003309
95203019
95221555
98722542
100011063
101068185
101902576
111491475
117739868
117839115
120027972
121017657
122564602
122935045
123623872
127248193
128790754
129412585
129994214
130927427
132620571
138256165
138355491
139330765
140520725
140882399
143249971
147779438
150054864
157543197
157626030
162220396
162781360
170417124
174431022
175678877
176494406
176577878
177110757
177428956
178785212
181011077
188906572
192190296
194515770
195833174
198248370
200166336
200934123
201354015
204693560
204833506
205119096
205317748
206598900
225336035
228139407
229059943
230543040
233498136
234139812
237819688
239698328
242277820
247017160
247475824
249142382
250735702
251802897
252433144
255051938
255748062
261124849
264224771
267528024
271031145
271786347
274083329
274915987
278902376
279603432
282278040
283298455
284130323
284907743
286771784
286811880
289342799
289376477
289899652
295651151
298724465
308897691
310868292
312723535
312977157
315834390
316001941
317382189
318509436
319716070
320017896
321653462
322676615
324490892
324641644
326128576
326919687
327483978
327639281
330149558
333063706
333681664
333717511
334716645
335491803
336013184
336462625
342096204
343049041
343771208
344345401
344377976
349652630
352068445
352584228
354389414
354873410
354986325
357988497
360666660
361515428
361652673
362560154
363128446
368874240
369300771
369303601
377898294
381021269
382848660
383018563
383879831
385767759
389883455
392731573
394968478
395451067
402760382
404560357
404950199
409696220
414866741
419748810
425746194
429048688
431016493
433468857
437289595
439632448
444022430
450795999
450921288
450947742
452136257
453910354
454704475
459969192
460104549
460692919
462273859
463715274
468231214
470417903
470937480
476428469
485645932
486188088
486678866
489749437
491520526
493114729
496315365
499430622
501538363
503705223
505145796
505347712
506485510
507556936
508301297
508880600
510495244
513557993
519346637
521267078
522344548
523239178
523993910
527341562
527853810
529893860
533000626
533721798
534428859
536039636
543126975
548310796
549389181
549700260
550958806
553576543
554157333
555566731
557799936
558617230
560832997
560846182
567308935
570297765
575192637
576498542
580020681
582197664
585891450
586432847
586879492
591567808
592139146
598542819
598813807
598926779
608632888
609187715
610626155
619035897
620222840
620446853
620892947
622154474
622371974
624873994
625198666
627373112
627422158
629559990
629982813
632997545
634361012
634781128
639201992
640909138
642867046
646487807
647347700
653537840
654027891
657927731
659506177
659688323
661910846
662718440
663280693
664004765
672640331
673634624
673814118
674181720
676329810
679094622
679721625
682367297
683531798
684237726
686685791
700291979
701791970
702382919
702704085
705702280
708612435
710544041
714257154
714343866
714874737
718307319
718706289
719944436
720327022
721369216
723378869
724658190
726776570
728317831
731336300
735051611
735894680
740263990
740811613
741193100
745433497
745820425
747331635
751761720
751785791
751789006
760211839
762404468
765440363
768420857
770555959
775124251
779784504
780062413
781760429
782143008
784945798
785203916
785658164
791496574
792062980
793027725
795059953
799873459
804737139
806918765
810881557
812749520
812965389
816201934
816357148
817227501
819180122
819898995
821292026
821455520
824062341
830254871
831039575
831795504
832145914
833741110
835772596
838024567
838413290
840581456
841235625
846054178
846835441
846888610
847322152
847508038
852257702
854684385
856696614
856721201
858061751
858855588
859266356
860705510
866007894
869714781
869943421
871780901
872800043
873128735
875085289
876641534
880399828
888686588
888996929
889032229
891590922
892268936
893793953
894207584
894530182
907310607
910056656
913012238
913773640
914823993
915585001
917382717
917777480
920101311
921333483
921824270
923605253
925960754
926933443
927773524
928342713
929777286
931496090
933212543
938998040
943208979
949370142
949914616
951518276
952378568
952823196
955620532
957639189
958253336
959396468
962163825
962566787
963087120
963479887
964321215
965207986
971593534
972488909
978883713
980562822
982349030
987665918
989931346
991752157
993187842
999114316
1001679574
1003647256
1006025504
1008647880
1009500830
1011484226
1014515505
1014887779
1015928180
1017031785
1021574990
1022669801
1023175365
1027345729
1027839782
1028874192
1032282664
1032341517
1033787551
1034362427
1034415373
1034676352
1035951788
1038181837
1042798767
1046806674
1048651312
1049934394
1049957768
1051394542
1052341888
1056750578
1058514096
1066146309
1066277834
1066611220
1070118436
1071814235
1076260491
1080980472
1081060274
1081333120
1084204076
1084622025
1087545376
1090888368
1091097472
1091126192
1096209512
1098727233
1103403326
1103416310
1104701168
1107351669
1111786740
1112272779
1113946361
1115575918
1117816183
1118033357
1125052870
1126488409
1126985406
1127235369
1128358155
1132606750
1133997483
1134770830
1135451766
1136956533
1137126416
1138887621
1141823193
1143644667
1143739656
1144550256
1146529027
1147272411
1152082386
1154073744
1154514555
1157201888
1165241156
1166140857
1169899340
1176078436
1176412685
1177889563
1179739289
1181369454
1182258224
1182992400
1183027441
1186690679
1194254305
1194587828
1196792109
1197910705
1202066039
1202470519
1206240603
1217581308
1218050967
1218677254
1218989966
1221691260
1225496362
1226457545
1228766353
1228926152
1230806063
1233475634
1233543694
1233708673
1234343737
1235574957
1236976311
1237978793
1240099062
1241275252
1244876449
1246467263
1247028468
1248253170
1248656599
1248661073
1250731838
1251293200
1253669729
1257705875
1258317930
1259894835
1260194338
1261292286
1261865386
1263465892
1264753907
1266599601
1267009134
1267539195
1270423505
1271858711
1275845840
1279485352
1281133149
1281390816
1285283861
1287634870
1288026266
1292115107
1299270789
1301005253
1303838082
1306457664
1307683652
1311512244
1317438353
1318240317
1319094544
1319329617
1319597400
1320229133
1323963424
1325794625
1328731049
1331383273
1331966402
1336321723
1337181672
1342980317
1343903856
1345477476
1346598157
1347857679
1351448541
1352091419
1354823483
1358278443
1360409435
1360757838
1361082672
1363194863
1364904422
1365580810
1373864862
1376180873
1377073410
1380830089
1381913543
1393495277
1393695215
1395628795
1400649465
1403770938
1409700628
1410114876
1411113258
1416263850
1416695240
1422599756
1423726690
1427026068
1428751049
1430078413
1432583173
1437133821
1439027756
1444476970
1461287387
1463829132
1464728342
1465994696
1466446799
1467584557
1467789215
1467934314
1468245524
1468400985
1469637205
1475656990
1477392994
1482634075
1483026401
1483137517
1485305683
1486418214
1493621396
1494058725
1498775710
1500882017
1501177145
1501218536
1502759421
1503612595
1506397424
1507036663
1507994632
1511368903
1513702964
1514292429
1515024528
1515086965
1520364826
1520831477
1532072789
1537493496
1539090054
1540330717
1540692921
1540989790
1545390060
1546184171
1547200792
1548507555
1550647333
1552274819
1553229379
1556185283
1556363159
1558754557
1559149483
1559799982
1559945699
1563619120
1564548878
1567572083
1568672838
1570291602
1574631450
1577861811
1579597989
1580434574
1581591139
1582368662
1587461847
1588098087
1588456882
1591599187
1593024631
1594355276
1598032612
1600621327
1600652685
1601081000
1605850551
1606961274
1612225304
1616091274
1617356183
1617750738
1621508276
1623834048
1625518009
1628555654
1632617445
1632821472
1632863643
1636419153
1636419454
1636476734
1641800172
1641839099
1645437489
1651953388
1652657415
1653044068
1655334764
1655557170
1668559878
1670428281
1672275200
1675557285
1678665081
1678994746
1680721876
1683485836
1683759287
1689257191
1695821657
1697812065
1699130387
1700338332
1702413488
1703847376
1704595547
1705625366
1705846176
1705898212
1707632642
1709281937
1709862537
1714272627
1714533163
1724139489
1726308712
1728049209
1728214012
1729195891
1736440105
1737432519
1737605248
1743747259
1744458958
1753657055
1755352304
1758337198
1759653263
1760011853
1763276604
1763528700
1771833313
1773603873
1774396891
1774498681
1775083707
1775431163
1776106981
1777843269
1783235513
1785323574
1786897008
1788050839
1790531131
1791593841
1792439793
1794544199
1798661527
1802432201
1802887194
1803673236
1806782261
1806865847
1811670174
1811746206
1812630881
1815737590
1818164272
1819727972
1820362818
1821164038
1822049744
1823328665
1824886831
1825142708
1827173268
1827622855
1828368511
1828597239
1829537354
1830299594
1830844366
1835481720
1836508185
1837779410
1839348687
1841299562
1844795729
1848455952
1849887481
1854545973
1855094297
1856052272
1856677175
1862966243
1863912346
1866495950
1870606228
1883587108
1887247848
1887397030
1887424469
1889125356
1889296997
1895525447
1895987338
1896039984
1897593080
1899361001
1899948606
1901028810
1905031893
1905096164
1906826972
1910055444
1910256786
1911692622
1915432368
1915456225
1916292824
1917671812
1920397565
1929164207
1930510888
1931505923
1935576030
1937683541
1941878524
1942443695
1943658971
1944472029
1945925361
1948123996
1949091699
1949159224
1951732581
1952009041
1957336671
1960441731
1960676491
1961348816
1962464446
1964584154
1965283641
1965609537
1970759852
1973805039
1976489940
1977656140
1983877891
1984984918
1991293412
1991504087
1993000408
1993802369
1997296250
1999732926
1999849011
2000648208
2002586691
2003594098
2007166841
2012107544
2013560065
2014757825
2026217683
2026469396
2028441659
2031772970
2036915519
2037630344
2039447543
2041803865
2042113308
2054610706
2054793686
2055304415
2056679869
2062639361
2063087790
2066263826
2071647263
2072248497
2073649935
2074625812
2074873861
2075398455
2077693243
2078727766
2080089086
2081305062
2081488702
2082662627
2083016762
2083647959
2086267259
2086555162
2088783290
2089971433
2095096749
2097291190
2100076530
2111280577
2113300493
2113974730
2114639018
2117979741
2118907645
2119760898
2119796897
2120773974
2126417202
2127056372
2127467456
2127993786
2128228352
2128694378
2129845857
2134402006
2136250205
2138928774
2140124677
2143473914
2147210802
