100
30189673
50098500
59072932
73508890
74818228
117740024
138924562
206355851
222206903
229981525
247227884
268157133
291757953
297483869
326005604
354044610
357464940
364717613
366525937
380786092
385554404
385757847
440962371
449960201
470324639
491724017
494432126
528494803
548212507
577497771
623758157
639826636
640829002
677599788
680952989
681338576
693899884
709119504
721017746
722709317
745503705
795508291
810846978
872126048
885665206
938312871
972108613
1062026589
1062124668
1067032352
1068201902
1132553019
1136326334
1163884001
1194484864
1211609123
1214592434
1222840572
1268353105
1305895004
1388003544
1396915161
1411355958
1425752847
1430306651
1451022156
1452790200
1458837007
1491799967
1502888700
1518922478
1548046675
1577288705
1613844203
1645221370
1645699673
1681003682
1711193355
1743738191
1779258864
1807628373
1840170292
1848264288
1867428273
1888443104
1947691795
1953269134
1959392292
1963046553
1999794889
2003164613
2021200686
2042478802
2051390359
2058867821
2070865890
2081296825
2101971115
2106705837
2110712862
