1000
1714424585
838221048
1981637891
1924601630
1584373332
734832097
1806359946
618831069
78386177
135503690
492510445
2146560101
425191437
1822748783
1950439261
489091757
1893417640
1457165857
609633083
1831752117
1196237364
896940219
1884526492
1236128700
665547494
757276807
562857348
681554545
472876058
1008501947
346687096
39816996
1846722995
180841339
1964418626
1283612679
915673436
1623294925
1902443749
994059613
1758798615
247470546
993136066
36506404
2070219329
796091679
525598161
1816153322
105773889
1135231244
1500421791
1302011253
2032171464
1237464636
390656305
550235310
1994741443
953513653
1231789856
320133854
1962015601
1578476952
359950850
1661254948
1759318292
176885828
797383980
527508080
1800180753
552344081
1521567694
1411495720
799814627
367220112
1448002124
722550309
1163311792
1973600285
391219983
1269085681
961347882
1891641774
423613286
846035698
981622762
814269592
1396271008
828880558
1767783245
480577216
1149014412
1582315198
2059054169
1508965262
1096086499
1670888813
1685851090
1893470479
50913245
1338548196
298330912
1572480939
602560268
1098145539
1939701052
2050562393
1820695848
955529196
1876679030
64432183
77131229
690543264
1956073958
500744515
1536578962
790213072
1315014107
785366323
1619093630
935313705
1265943539
620624394
370145255
1177514060
2129589656
1466231754
700919225
1667957099
1212218585
751832471
859021647
1510549497
176829762
1461581915
461211389
2116530814
1364660660
134423589
924576362
1093856043
198855773
1001707591
1784399307
7446083
1502452107
1173494622
797659155
669982566
1958860945
269269138
1605296271
1077320836
889893532
1975441527
107351249
871999541
1294189633
808270474
392472992
358924571
1560102945
1251494639
1869474068
1736932708
565592906
183201809
1705979874
1930253567
317625399
483072589
876625962
516481172
1484780180
513541621
523927255
839748639
1687036243
1321586410
1509731206
1498413540
1590855548
967543829
428250729
333265433
795501708
535601978
1205264974
2089691342
1343872452
1597737966
301132265
756491750
701748957
23122685
345940810
1267341863
206324495
2051920684
1050111782
523949894
387509625
1926737744
1040431066
1872289806
292795718
1564358321
564554797
1979831961
738461083
2074286003
1330761854
181832984
894346185
1759012583
515098417
1689847893
147130913
1720363391
1632055587
1491003365
1170617709
1933187852
100011467
1872366666
1956310538
445952277
992224881
15151385
350389314
2042336664
539101279
737898939
1821590760
1579532345
462705097
2114386478
996407018
1027259895
1946734792
1734868101
954062250
1130012998
1916701085
1848408435
741541933
284315854
1390772681
888672846
2004679245
875344620
232192563
1027813306
661048825
332204031
752696324
469875715
778156308
1744921206
485027100
1128545622
1639774222
1024128379
1866444562
1313881334
456177076
181666011
1280784165
1452584094
1208925906
1080035309
1039968547
15504509
62564659
809185985
1863912944
804106592
1093501839
1107201977
1692779438
950697437
1982546598
1924972001
1978510743
496111775
109692384
583723420
965987490
887848693
181160978
1451014590
2016394315
1820935200
327659321
1735355229
987332886
783836397
1917021241
120633403
88936843
978463499
1200668712
1128905390
993968008
1263233371
1938091375
710397305
2067339963
884109567
1817599282
1612635753
1834807004
1652662232
1390124107
1665834099
1290359
1499816491
102073871
967277849
240181536
283234849
270808791
109092204
2104170049
598468112
1844447433
944019288
1382304509
1613985026
1064652691
1471241352
444964878
117837756
452663095
1438932886
1381071127
243270822
1846543
1300927443
1127380389
1819445826
766079548
814703745
1324624410
8720007
333054197
1325914770
1508536499
435128068
145708971
1748718035
718362918
416517763
1857810239
675049319
1014985875
1554774025
1619068607
249806737
1021275403
536237651
1721048089
1466240281
654075407
26227536
757689520
2035146534
269498359
759536063
1188590329
1396878748
431498241
1954669878
64098846
1756122652
1963389885
397153043
934553774
1324442736
832281111
1080262745
925677124
1550644029
1496780508
636003715
78209701
364282736
43294092
1697278308
614089473
1064569496
86032311
187653914
383326129
740107718
213881451
1141015649
627770605
483379810
1900551713
1816360934
1880258558
184566306
1623547164
1944357404
1940688958
1439453402
194026799
727759084
616412490
1026307911
1808021830
1542089614
429468292
1157318690
30609682
507677993
1521601426
73903774
57472654
2135690899
1138473270
143504965
175861166
1521799400
883612684
389742617
515331401
1511383289
873122427
268399466
1180260575
605897337
452965773
656324092
402771094
246171083
2095777494
596797893
973930168
564706336
1623105804
634468350
2106795951
2052574097
1791787040
2137405633
412768442
1165904819
63825759
470241096
1154112070
1202299030
613746062
1329973236
576614782
1497358746
1719715853
1091946183
861258387
445354632
1360345650
2041518962
1051251970
1813311423
550359406
1454023064
2059482506
498653252
2050820957
885929026
1063359589
1526443114
1520397376
1022671892
1431533563
1164700769
1012593877
1844302005
183121940
1076419636
167059454
1337234010
131235018
780805516
519723599
707849800
130680614
91955804
1799795984
991939001
537310437
1012657986
885974315
1588562407
678485761
1436333722
895101823
590484619
1934986974
798439132
1476413646
850862915
177398598
849327374
1873534807
1608932161
2014028143
738645036
1305750519
49666435
1815064673
1472809973
1386900446
1946299691
106131841
1906624045
506665844
236812455
1998579849
158978180
1228751456
388406638
1171636166
2114725771
1976969045
1850121927
1403575845
724587220
293122898
1191079172
1523026353
1769536544
2041942087
1700424951
471380271
1767993247
1161873465
337924766
359154635
320140336
387591202
26735660
1792950309
1774491648
1973035352
1899082150
1533632045
332217548
2135894605
1384728246
491195728
1217162413
1773134885
1662831894
1184404536
1602620282
1365470173
440496734
179723855
1658593071
1631575906
1702750208
1280645968
1526034345
1255691511
1752026239
1146543944
270081328
2089951005
1505698580
590221664
330058559
1532434240
235688325
2104550207
1357985944
2134770475
1490698604
1690203492
2123181432
727943203
33915572
1192860197
353594440
1696747466
229781086
1956214722
914733991
670277820
2135938577
425843415
154370078
1691205137
1706489383
1680404423
799413001
1311031974
679464720
1069494329
1253499331
37679652
1659715994
1583557891
1570113892
1895404319
1540624450
780616189
1882691147
883839407
323336033
1858388931
1611782610
357251606
903765481
1965377050
2053999072
1133546567
1774108124
821249416
1803824387
1762563054
1247092831
1958194465
1306284543
806098566
1491115240
2105697544
2117130540
23096312
1027708226
1223146223
60775964
539940572
659220466
1630889857
287861243
52361269
264022398
23068742
936200676
587358431
1881457674
400499638
944610037
637739507
218393040
851125462
1771286074
1992501164
1672374878
1427626813
1607580570
771984061
1238337630
766381466
1578082627
581969222
724595362
1547729519
605065535
1752303588
623392094
665841499
144760512
1282612561
149247708
432621756
1334973830
413270106
455690498
123690858
1000628538
189664524
524190496
1945238575
827404031
742583536
648880389
451206457
587601052
173771619
1878833270
47697975
945755680
969687252
814079441
376354659
1551656475
1538674803
1924084178
9238362
1143494744
399992625
675079861
1288255256
1682605186
824327570
1720877012
870095368
1237597676
29083863
993786226
90742566
218748387
1517976722
2035981142
1046152419
113076610
537377883
1497358876
700677662
711149503
1228708499
748375637
1656905183
50912103
1562455078
2033259843
1602568578
953646234
1809860373
1611806940
2097140978
62369350
139403154
1237912586
1744974536
963730724
811305951
467586256
53844752
840389814
1461372482
144587319
1059138201
831865556
33084813
2105290620
944942166
570462696
1455165849
1645619829
1281612199
536390700
246511818
791033735
587302803
1808966897
676809930
42387734
615129483
339186655
1654194674
564786813
401556006
1793597828
1802699399
2146530542
609844904
466521702
466633151
663689657
1306911516
1928005633
808276976
218566070
612387542
841361789
176373042
1557329708
1411824485
1631538891
1055465889
545953037
20445943
1301977708
1336986772
607748747
963460957
2013796702
650136481
1578590440
205499709
156847507
2143377253
607055715
1950445336
1798593004
606102610
412806592
117631059
1072735761
1076496249
1424542575
853257746
1884773225
1643108645
1465645288
578651366
1819481688
875491349
1990475852
1303536931
1930957238
388945241
1323982875
1085451298
1725932013
1931731622
2048912255
1592245067
434384455
1480019047
1797744776
591231962
1475912652
257316844
394193650
1127022009
863419454
807000243
1244653068
1936155215
1883496492
521711995
641929313
1620786070
17336993
2107574602
51953788
1836818681
835582303
2042429640
992871964
619055893
283891233
169371191
1704507192
2009823246
2101102813
1605935799
1454584665
388003620
938471199
1104845794
979235583
266900203
1362162638
1373429233
1393922212
78098444
32945828
491091632
2014253659
1916442321
1012803628
508699324
1389744743
1030140621
468790278
1441698531
719475654
1304372581
1336644524
1712347618
1923428475
1620535757
1881718810
1480452019
1482875356
1835337975
938904170
789976373
75857948
1877375369
1894822167
1055093531
2144275573
1109501157
281039116
1390714137
1187599601
313984945
1881805770
1054369612
82943618
747125750
1563068937
1472688361
1777266371
2031859215
766903244
349258377
1188748149
2103547768
2061605995
964692976
1576599878
1795841157
297661347
911991586
1483695485
1236565517
1701967959
1559553433
966457239
1449306479
467163316
963249164
411323988
748202432
206479653
1598923590
1062187377
2088285423
505809554
1145130995
687927525
2068878491
470335708
317710248
1953254059
1237238953
666968625
994518560
1193303073
581090973
1959211536
622419303
229448482
109389235
1534410889
1713143967
1345954752
1088895201
1125213752
164928343
390718032
1592377068
1128177507
802042020
193095853
1334657161
253481962
1255283230
1275458936
759291517
252930578
1963386462
680686360
723266286
133613062
486456771
1960505239
800581688
1480975331
1006324665
1381672661
1292703219
1628743968
1611121143
1402092454
1015671210
1176781463
600563559
2104566411
154511567
765491902
347800795
1746888636
1893669410
1149842815
1939984489
1080842923
1403324778
1047784071
208818211
15132647
1300714649
24721025
695819007
2023980936
158334088
1182275779
1837002527
958915776
515767462
695843544
193104789
1808470682
177103865
1804225932
1063079488
1192775075
833523747
1663643047
1149857838
988035315
281651302
1497658633
