100
1258502259
1219388168
1766612929
1635113121
1877094648
1946840610
1343621312
1510468874
2002632074
862615739
465441447
395047121
1943334911
1616809241
933207080
687130512
59556752
345963068
1956661536
1160738797
1986952553
699084365
2116427480
1822074620
1868686972
1955457027
773578168
2039066178
1192517733
778778718
2054911752
303536344
1998166886
1674041034
1938649465
1727777886
1473397996
1134787129
1090763112
1328546422
1997402868
1556204560
1723593544
1793254132
1025530153
509316976
332900996
1085086905
855280045
142078884
98342054
694748950
841163249
67285886
369339922
562366574
2022742913
1142918090
453949104
1067776998
1921696808
361377209
1371313342
1772380046
2035418243
1162479159
1352674284
1361332591
149782640
295953749
542395365
2147185509
1852158309
118505261
1792955993
730204814
627822238
2125856989
1815291719
1483102283
120452225
1913633773
30367585
961615475
1980919660
399707507
1523982049
1856178925
1542625597
1977931153
776472276
1316838758
191824714
301970
941735156
79759309
1162781130
146925793
1441091900
1312563770
