1000
1489647812
1792455297
1202816778
131264454
1965557949
2043821084
1655615019
832183004
1611373850
368320613
316726927
449759658
1651268418
1750115781
1549272514
178184306
1241344515
155207821
1790770147
1207155524
405294114
864458703
1868840250
128528036
1565117405
1512024412
335190198
769092238
965950774
1910904764
334314668
308114938
1555876413
1537131446
439379392
1373950715
1433468882
2094994411
58650071
897359084
315831376
375376998
1347118743
1967099795
2125492780
748907609
2145284101
1219353647
904115431
1788570600
279025524
1309409545
505545655
382126
1437937582
2070663060
1512406538
1773127780
692271650
330873664
1536548897
1026586318
638988602
944941662
416234117
1078367994
171408729
1849702999
1025878758
230058800
599578436
1341710134
605435799
1946697179
1161326281
583444931
548121140
1159126734
1802798578
1452236571
800213686
2081824102
614162469
1305759341
2082206229
2052100051
1228938754
1447129119
1677744183
1921210404
1778002784
1066809432
800313075
269507738
2011751095
1216547192
1347875733
35676176
918766543
226270843
265734977
1518344979
1567980977
871170776
1317558510
581823611
1454615707
1865679651
1740950345
1109930637
1170432574
393680384
1044271092
1784595043
1699439725
978993673
1689211446
780894831
278639144
1219471982
554621588
2056641928
138797766
1354934663
178666019
3065213
423998207
1526541752
38741390
1342764750
1752812595
304476367
713626082
1173309924
1175647143
2031184592
1755133535
482779202
1749380595
1348600233
1592709839
772329522
1742280617
489497283
409440917
1294236694
1468490956
2098652364
2075131526
1747130101
1170640698
482269466
1656288381
1309438464
1837204129
1834954400
1312503678
113718688
1214012504
1351245068
1456483438
819341451
1655721435
22625872
1992651376
683884930
2053810465
1600301263
1166664132
1655707412
801417848
611890323
280553286
396214817
1101387607
689994204
1690451512
422394915
641162920
1618099390
22041368
1811803618
2100368856
1678329750
973758434
1790089337
1365800502
138778464
1903808025
432329359
1490023532
1212807815
1251670810
998261319
1235433688
1096838538
1682146249
1141760505
549656154
701326733
649984269
1351074002
1313217057
930537556
1747288820
267121016
1620531760
1290256684
689515931
114211032
760872426
711557300
1926014650
713757634
242403402
752289436
356363323
1608203904
891067901
112687700
2040533263
233607785
1325495515
1144720426
1231869105
413445555
94075316
766531706
1555206060
643731470
1467858440
57706682
1994805473
633591849
988244238
1594610645
900712865
461292350
737383681
1590228796
575503382
1498256107
154302448
354034384
64530093
396705850
1106323820
420893416
2004909755
1997391721
533581116
1897959370
83515859
1859076631
895196148
1315384964
125038539
989271465
2081916670
1680244599
1633002935
1402291462
1737951281
1480324760
2035883311
578711871
927451757
789112528
1040004221
1664835438
231857677
1615507603
1015607897
386160125
1969541987
1080137990
782865976
928382160
1501031406
640292083
778290233
2034612522
390767805
861806092
1746205506
1285963954
29707408
1871244045
127751771
2111624079
1404004996
1760754706
1366431893
994472630
1093595819
1254831557
1573184501
2021047576
2043944085
465705075
1538399367
128318114
2081212678
406523616
514478240
1903271018
1486661607
1297344216
684169530
840209365
1937636299
1462459763
727338240
180920456
176782208
326060098
1466884410
206489616
49820495
1594636181
170630047
1453825491
1207907240
1537061941
300814473
154019411
644409850
1873998975
27583339
540870287
192220402
1565982706
669188402
125949432
1972506323
1183666642
2029220450
1311684282
333527210
565906332
4409999
123679861
2028366096
731748239
304600317
57664656
1057808337
1771484728
264154272
1107628832
1218637261
434784320
413970676
279060853
1971846261
714785149
433080264
468772463
441300476
460663604
1009642750
633520878
2026646310
1678831152
759470311
1851668985
715014146
641207113
1015869619
1048541356
1207113446
1020279619
1172221217
1087995894
1752027858
1476821535
1145660550
662352548
1100822615
1409814822
1769981380
171976228
1844599142
36468408
451037082
1668961755
751253558
884117346
2137734218
1192554034
1344780950
999893321
1826074913
1223943613
531240825
438061576
928128950
1246254972
1079268689
1943998570
147312680
138898487
816794541
1319533898
1226894381
421338751
648871785
225071283
1083691299
1749694400
1634886106
706189032
1921670628
1332001600
742657440
225224062
853479708
1493910998
1109341409
843730278
538981385
306638711
1843623599
217572650
1530582324
227380777
655634226
311227627
1473635749
1734902915
107742549
1620948429
1873801403
924537090
792998679
953212136
1345875841
1441870464
1178283420
282083493
1044081216
665685878
988272525
818268197
1997687478
1730929965
1043492259
703683538
1077357316
5350020
1547413817
1616338701
311988732
1243553768
1833911351
1842571056
1470934545
342061929
6315035
797086646
2076964844
114057584
270551428
1803282599
1038594674
1063550107
609011088
236986868
357936924
1787294508
519070361
1402018140
305496738
1507342886
72802689
155700568
1090789203
1116294949
859384107
20662871
1121644969
259314276
1637001572
1433633701
1502868044
1323429275
1128721110
826318942
1665491204
1135036145
1623405588
1594972401
1249093730
1893957016
1250771352
140204756
810023476
1859782440
377191624
1167960400
1499593300
896261985
422494892
1805090038
256121223
495297582
1960790607
1346910427
1611592531
672691066
1367573298
585753852
932005342
857091223
2019387554
287389738
33036850
1000625016
1113708680
1698528055
2135661161
589630621
1146016808
1237271243
336103989
249304512
1377476000
1146127465
2109086953
1754667624
166604217
1461196605
503445962
589099110
1118802996
759567185
1084396692
932109955
2106477612
548505575
1604801021
1326567263
1134259427
389322715
36174838
1006163333
676712453
69211688
2006788349
1790421134
1767739743
1994965863
232568107
766272903
1084753458
568672096
1015577416
314745810
1714799562
977180721
2069413435
1881403779
290893678
425375749
323019241
1409696674
1184942934
1407415933
194322981
1143936899
1955921508
1799124002
323020514
942697288
40963069
359195352
1948860621
717675523
428407040
1808165323
360613009
48663136
1655647538
593181116
814936039
592917348
1161853212
1830513455
907663159
729169126
660210528
829592946
463089258
951104207
1254968695
786108499
213317233
292427981
46040785
407640215
1436364880
2001962293
59280569
1759385394
797175933
100243639
2118580746
598552907
817919162
399504139
259234582
1178532171
448167275
1914882120
1771713287
1263103314
360315820
786082851
946133122
1267978979
1515251978
1606343650
2097571925
1978341236
409964209
1205056972
616966087
623281443
1497484954
663006872
1030921658
786366186
517485518
1090202227
398267933
1314661451
1190445866
369365031
1913214358
2008365028
768869170
24965292
1039413551
1217036445
1939847412
663643190
332656112
152679585
1449726042
1278789234
1420658564
817494372
737649236
1370746842
648351960
1147613446
428320166
1265318047
1770894889
1925805120
1928324920
654332899
564687659
298326790
1744535126
962955592
1612988241
787497345
1332320623
1378718952
648378725
2101189794
1403684244
1687792277
1170742591
1196048009
203951819
1503398703
1348727594
1653677861
634704289
621902510
323688585
1372353526
1992649352
972040545
372483324
273485871
89874945
2143378213
51807343
2018199865
650227464
616495002
169043007
247278942
1579450594
1782031248
1034776287
764287570
1013266552
1683155013
717993716
269467149
1223463642
1888736307
1465515158
1427415461
1244651363
666759104
933609675
1879355652
1288661614
1257298260
1104225530
1133827319
81855158
1476708854
1407313190
171730103
1472603419
1459120533
42446320
2122830883
2075615536
211489327
222626178
1507582482
1993520575
1257402465
124386404
859303480
793073830
842380120
1128770629
2016537472
583632780
446802139
1296469286
1828284143
1113561243
82595313
1560156147
254739209
1339893573
516898030
1388566528
1421748731
1993606884
648396070
1593478834
1318726656
2107516604
1635925154
1294073891
2035648492
1847414481
1516700069
1395747326
1693451409
626618887
1520133731
405271241
1419692717
215030203
1534041870
1288746542
798662983
1980844009
437732180
479463478
946921604
520327493
2039619626
1201660813
1860221066
409034008
442743694
1134486150
255157244
1091139764
580481336
1573883900
1051172720
68922843
720474144
939337564
1916337324
89690565
187601243
1462305085
716309452
1707734974
1867576326
2136002170
1922765177
1254134548
1277265064
573944513
1087494909
1714997244
1053407991
2034416513
87841089
945543969
1088593679
1948062155
1354577977
1531337373
935064657
1609735222
474993489
1515545994
1036135474
1526166210
1584468837
1756609618
318020126
1353322513
1846300184
505621369
668143951
415125988
65872695
388236629
403644510
1988637873
1642371178
1680909574
415098738
582382439
1248423170
1468506729
469315305
1336264259
266567051
1557908984
1136842767
1621145028
941762709
2071907424
1083396602
1416756198
1439969770
2119532077
795438760
876954959
1728658047
1113458887
82793825
1427474583
1619080256
750937776
1842600572
1684952952
1139174405
98761434
1526107177
634061935
1779671009
1941205915
1216444375
880610531
1262228996
1685759680
69391143
1528796047
1096185016
1206233910
1002457428
2037947725
1130657686
2085854030
1307220275
423143809
2057902459
2102659036
1300098768
1639076859
1068634275
1382892593
919067794
540230883
2133830369
614184718
77700187
1125521127
712946153
1603807364
1759583062
345133514
1397529631
828543789
1225744045
512274980
366819821
1295135188
2041071027
1463004837
353885450
896044807
1353468914
1484543137
834415190
513205542
1907686946
744834001
468380930
1060302066
236427212
1537015205
295711012
1155495007
2077246088
282057733
1769679725
7462628
1407578860
335142230
1611269992
1019678275
680275744
861315976
1848222064
1906019790
1373590956
67558238
1053671330
1267178335
1530563075
1407556781
15739495
736548342
744616270
850154685
1249753884
504819568
1594988686
1718134814
1565121634
1831415899
1107666371
1860832646
839427258
1037428811
2142890380
461623335
1044891439
1402985592
796765566
508677784
275180219
1477041310
1369993760
2123402284
1235577452
596101068
43476874
141765135
1863279403
1574039949
1549321916
1879018898
163104643
146454538
581689935
1412858527
651274106
29194974
983509693
68912092
1860610873
2091176064
1929744739
552554483
981121228
1925151471
1014177818
2026012667
1180653415
1810943384
387206803
1455833635
1140501047
1757200563
1431752271
228594851
205817983
1475229145
370359986
2069097387
901785446
1919681902
1800632637
1064890090
2066136440
234838925
330264969
569926898
264033899
