100
1011824984
4231237
2036952633
1963027532
84611634
1079197658
1161470964
618766851
1353572223
2131596259
252195923
804738852
976991993
1499338862
1557154223
322524655
427543062
60036941
1999934014
471852834
53745611
590089031
949991353
1706810225
529541946
470464534
1522881387
944161282
1575058959
1566069135
1913112712
439400296
1570300372
1802581697
254944180
1654912006
734295707
1416415144
126195210
2087867931
1400527755
378391133
745123135
230036100
1877729996
154793710
552560755
157789410
214830651
405011122
629642245
268576263
995100153
1579633598
1975386488
1524642100
2050098133
1350784227
321319734
1477673444
769369714
86948798
1917073740
192186438
1889530496
24534273
1847098445
476342555
1440949417
1973293655
416726838
693993525
204201140
1161849973
924029625
2081931136
1316643684
1476590381
92236899
1531474335
1881601503
721879144
1800050598
729218008
154029094
1627953438
106376460
56643579
831254018
427696195
1534317024
1600623732
514644993
1303907116
1792810171
256691841
1328441389
1492424968
733034397
621907159
