1000
1636419454
1703847376
1281133149
634781128
921333483
1009500830
2128694378
2081488702
1118033357
1194254305
684237726
198248370
1668559878
536039636
312977157
1157201888
880399828
157626030
1376180873
1901028810
1354823483
1380830089
622371974
620222840
847322152
731336300
1728049209
1824886831
503705223
770555959
239698328
2140124677
326919687
1520831477
627422158
1248253170
382848660
608632888
1182258224
1500882017
1802887194
1866495950
1699130387
1323963424
255051938
2012107544
333681664
1135451766
22249926
1709862537
888996929
1377073410
943208979
1511368903
1997296250
1790531131
95221555
1577861811
1467934314
598926779
200934123
1707632642
591567808
527853810
1080980472
1218989966
1776106981
1463829132
1827622855
810881557
817227501
1483026401
529893860
368874240
659506177
784945798
233498136
993187842
1920397565
255748062
555566731
661910846
1632821472
1498775710
25796101
1482634075
1141823193
121017657
913012238
462273859
719944436
1113946361
22422854
1311512244
1641800172
1103403326
383018563
1270423505
419748810
63157770
2081305062
1236976311
1546184171
463715274
1605850551
58206700
1248661073
1839348687
1051394542
1021574990
2095096749
1606961274
1683485836
1580434574
958253336
1709281937
915585001
2100076530
1830299594
1828597239
414866741
402760382
795059953
437289595
1714272627
289376477
1540692921
2097291190
1559799982
1960441731
12965312
1493621396
1049934394
1559149483
1957336671
508301297
1617356183
1058514096
200166336
521267078
2080089086
147779438
2128228352
1616091274
1728214012
938998040
1177889563
496315365
891590922
860705510
177428956
1306457664
1263465892
972488909
1743747259
830254871
1261865386
1136956533
780062413
674181720
949914616
793027725
20319469
1999849011
204693560
1977656140
360666660
1822049744
888686588
560832997
195833174
821292026
708612435
176577878
289899652
289342799
1115575918
1467789215
785658164
2007166841
181011077
963087120
1166140857
1444476970
1935576030
762404468
127248193
1049957768
1899361001
907310607
1724139489
701791970
1700338332
1744458958
554157333
1905031893
1574631450
914823993
1579597989
315834390
1475656990
1775431163
1137126416
36785777
1952009041
1427026068
326128576
920101311
747331635
1111786740
779784504
928342713
2074873861
1945925361
225336035
1862966243
560846182
352584228
765440363
312723535
1259894835
342096204
1014515505
812749520
2086555162
1568672838
570297765
1513702964
336013184
2412106
1829537354
1811670174
1777843269
819180122
1848455952
1582368662
98722542
27100880
354986325
846054178
1138887621
1134770830
1774396891
1066277834
933212543
1999732926
781760429
1494058725
204833506
1547200792
1806782261
1464728342
1889296997
673814118
129994214
1828368511
95003309
700291979
1194587828
431016493
702704085
876641534
95203019
333063706
1695821657
1943658971
1915432368
1794544199
1970759852
122935045
493114729
962163825
1257705875
120027972
2028441659
43434771
2119760898
662718440
1537493496
177110757
62435584
1196792109
1641839099
1951732581
1870606228
1771833313
1632617445
1965609537
324641644
679721625
249142382
1027345729
1556363159
344345401
1360409435
1104701168
140520725
1128358155
751761720
2111280577
1251293200
1244876449
925960754
361515428
1364904422
806918765
404950199
1337181672
1469637205
1942443695
1514292429
1532072789
991752157
1008647880
1336321723
714874737
632997545
821455520
533000626
957639189
1501177145
782143008
1984984918
910056656
1126488409
1197910705
2014757825
1267009134
178785212
619035897
1230806063
1430078413
1863912346
9283169
1791593841
1081333120
816201934
49060392
271031145
138355491
1991504087
1785323574
1670428281
835772596
646487807
859266356
1550647333
1279485352
1680721876
2083647959
89640894
1034415373
718307319
2074625812
1944472029
1844795729
1125052870
1811746206
964321215
1303838082
283298455
47643631
586432847
2147210802
56926800
230543040
1081060274
873128735
279603432
1352091419
1011484226
123623872
989931346
534428859
959396468
1636419153
1393695215
362560154
768420857
926933443
298724465
858061751
1961348816
1017031785
785203916
1758337198
714343866
1910256786
1422599756
1678665081
1066611220
1705898212
1726308712
1653044068
1705625366
1783235513
1883587108
639201992
508880600
15706893
1991293412
1520364826
139330765
833741110
2054793686
1098727233
322676615
1301005253
1461287387
1091097472
80455049
1760011853
1949159224
2041803865
629559990
586879492
1652657415
1343903856
349652630
927773524
875085289
1416263850
486188088
453910354
921824270
44329806
89662219
657927731
683531798
598542819
673634624
527341562
2118907645
812965389
1361082672
2026217683
1911692622
1683759287
1179739289
1225496362
627373112
1260194338
838024567
429048688
1154514555
1467584557
1015928180
659688323
664004765
1365580810
1587461847
1539090054
634361012
2073649935
1993000408
1556185283
2117979741
2082662627
66629366
654027891
533721798
740263990
1181369454
505145796
1553229379
394968478
383879831
1317438353
2078727766
1563619120
395451067
558617230
676329810
1233475634
987665918
1830844366
553576543
2003594098
343049041
1217581308
1221691260
1930510888
609187715
1856052272
1856677175
454704475
1264753907
1827173268
389883455
1331383273
333717511
923605253
2071647263
1515086965
1428751049
1477392994
1910055444
1812630881
647347700
1841299562
1228766353
1042798767
252433144
1905096164
128790754
1240099062
1588456882
682367297
1096209512
1931505923
1899948606
170417124
1714533163
361652673
2026469396
1423726690
816357148
1143739656
1103416310
1206240603
327639281
1437133821
2129845857
251802897
804737139
1411113258
1729195891
567308935
1076260491
229059943
261124849
157543197
1271858711
513557993
2062639361
1400649465
1753657055
1503612595
2083016762
702382919
1287634870
1835481720
872800043
854684385
49650745
751785791
130927427
866007894
1895525447
1234343737
2072248497
75681081
523993910
2054610706
327483978
1328731049
1318240317
2056679869
1896039984
247017160
138256165
9681185
404560357
1410114876
523239178
319716070
663280693
129412585
1823328665
598813807
831795504
963479887
286811880
1704595547
1818164272
336462625
308897691
1949091699
1202470519
56939490
1035951788
1127235369
132620571
1559945699
1034362427
460104549
741193100
205119096
369300771
489749437
452136257
507556936
499430622
856696614
1917671812
1022669801
1176412685
433468857
1152082386
852257702
1032282664
1983877891
1815737590
1319094544
1540989790
1486418214
1655557170
1849887481
1288026266
710544041
1906826972
176494406
1837779410
2039447543
1736440105
724658190
352068445
330149558
929777286
721369216
819898995
1381913543
1228926152
1319329617
91126510
999114316
194515770
1267539195
1432583173
1346598157
2119796897
317382189
1182992400
1788050839
1636476734
576498542
1126985406
1144550256
278902376
267528024
1855094297
38245700
444022430
1545390060
2077693243
32978888
122564602
282278040
363128446
1052341888
1003647256
1183027441
286771784
85089760
354873410
377898294
1084204076
549389181
1645437489
369303601
1895987338
1617750738
686685791
931496090
1258317930
175678877
1507994632
237819688
1320229133
1786897008
505347712
1027839782
1825142708
949370142
425746194
1755352304
982349030
548310796
2037630344
1345477476
1600652685
893793953
381021269
1887424469
978883713
735894680
117839115
2063087790
1285283861
1763276604
284907743
1033787551
1233543694
971593534
1965283641
344377976
1147272411
1325794625
582197664
320017896
965207986
1087545376
1347857679
642867046
2036915519
1773603873
250735702
871780901
174431022
140882399
69774730
1775083707
1034676352
450795999
1515024528
2013560065
1186690679
1632863643
1929164207
324490892
1248656599
66588303
1358278443
334716645
1038181837
1176078436
679094622
37970601
354389414
1261292286
357988497
1319597400
201354015
1705846176
1962464446
90785886
1331966402
65716501
962566787
1506397424
206598900
1032341517
1133997483
1241275252
1483137517
501538363
1107351669
522344548
2134402006
889032229
846835441
1235574957
955620532
57630236
1570291602
1993802369
1233708673
101902576
2031772970
1588098087
1363194863
242277820
760211839
1564548878
1948123996
575192637
1655334764
1132606750
640909138
470417903
491520526
847508038
1502759421
1625518009
2088783290
838413290
2127056372
1048651312
1360757838
2113974730
1937683541
60109631
1202066039
745820425
117739868
624873994
592139146
1351448541
726776570
476428469
792062980
2089971433
718706289
1552274819
1507036663
519346637
2127467456
1014887779
1651953388
620892947
1485305683
2143473914
1468400985
840581456
1621508276
1409700628
1678994746
1601081000
310868292
892268936
1567572083
101068185
952378568
622154474
846888610
1070118436
1247028468
1439027756
274083329
1973805039
1915456225
1066146309
1916292824
486678866
470937480
1275845840
1006025504
450921288
143249971
510495244
1071814235
1628555654
506485510
392731573
321653462
2127993786
1802432201
2000648208
1581591139
2113300493
745433497
1001679574
66885030
1697812065
1623834048
913773640
620446853
723378869
205317748
894530182
549700260
2120773974
1960676491
318509436
459969192
284130323
1594355276
1465994696
735051611
1737605248
1976489940
1806865847
1218677254
335491803
52113772
1540330717
316001941
1854545973
1393495277
1897593080
1820362818
2138928774
751789006
1887247848
1689257191
228139407
653537840
162220396
951518276
858855588
1056750578
1501218536
832145914
869943421
1819727972
1292115107
1154073744
1266599601
610626155
1889125356
856721201
439632448
1548507555
2075398455
775124251
1600621327
1468245524
1091126192
1307683652
714257154
841235625
980562822
705702280
1593024631
720327022
247475824
1821164038
1373864862
409696220
625198666
85236802
1466446799
2126417202
917382717
188906572
1798661527
62014176
1342980317
917777480
672640331
1084622025
1774498681
1112272779
485645932
1702413488
1887397030
2086267259
1023175365
831039575
1246467263
1737432519
1672275200
79546437
295651151
1117816183
799873459
543126975
791496574
26254673
952823196
1416695240
111491475
271786347
1395628795
1028874192
460692919
1046806674
1090888368
1803673236
1964584154
1763528700
740811613
1591599187
728317831
1226457545
1146529027
468231214
1165241156
22220744
1299270789
264224771
1759653263
824062341
343771208
2055304415
1941878524
1143644667
450947742
585891450
1169899340
1403770938
2002586691
1281390816
1675557285
1250731838
162781360
2136250205
150054864
1253669729
1792439793
2114639018
869714781
385767759
1558754557
1598032612
1612225304
557799936
2066263826
629982813
580020681
1218050967
894207584
192190296
2042113308
1237978793
100011063
1836508185
234139812
550958806
274915987
