100
1743738191
1840170292
1396915161
74818228
247227884
1067032352
1062026589
1411355958
50098500
73508890
1388003544
385554404
1194484864
677599788
639826636
577497771
297483869
681338576
357464940
2081296825
1779258864
366525937
291757953
1305895004
1645221370
449960201
59072932
721017746
1214592434
1518922478
1136326334
810846978
1211609123
385757847
885665206
1458837007
1452790200
1947691795
722709317
1502888700
2021200686
2110712862
1888443104
1068201902
640829002
380786092
1645699673
938312871
1062124668
2003164613
872126048
693899884
222206903
1163884001
1999794889
1867428273
1613844203
2058867821
440962371
680952989
1430306651
1577288705
1491799967
494432126
1963046553
229981525
1953269134
1268353105
30189673
528494803
623758157
2051390359
491724017
364717613
972108613
1132553019
745503705
470324639
2070865890
1807628373
326005604
795508291
354044610
548212507
1959392292
206355851
268157133
1425752847
117740024
709119504
2106705837
1548046675
138924562
1451022156
2042478802
2101971115
1681003682
1848264288
1222840572
1711193355
