100
301970
30367585
59556752
67285886
79759309
98342054
118505261
120452225
142078884
146925793
149782640
191824714
295953749
303536344
332900996
345963068
361377209
369339922
395047121
399707507
453949104
465441447
509316976
542395365
562366574
627822238
687130512
694748950
699084365
730204814
773578168
776472276
778778718
841163249
855280045
862615739
933207080
941735156
961615475
1025530153
1067776998
1085086905
1090763112
1134787129
1142918090
1160738797
1162479159
1162781130
1192517733
1219388168
1258502259
1312563770
1316838758
1328546422
1343621312
1352674284
1361332591
1371313342
1441091900
1473397996
1483102283
1510468874
1523982049
1542625597
1556204560
1616809241
1635113121
1674041034
1723593544
1727777886
1766612929
1772380046
1792955993
1793254132
1815291719
1822074620
1852158309
1856178925
1868686972
1877094648
1913633773
1921696808
1938649465
1943334911
1946840610
1955457027
1956661536
1977931153
1980919660
1986952553
1997402868
1998166886
2002632074
2022742913
2035418243
2039066178
2054911752
2116427480
2125856989
2147185509
