1000
1290359
1846543
7446083
8720007
9238362
15132647
15151385
15504509
17336993
20445943
23068742
23096312
23122685
24721025
26227536
26735660
29083863
30609682
32945828
33084813
33915572
36506404
37679652
39816996
42387734
43294092
47697975
49666435
50912103
50913245
51953788
52361269
53844752
57472654
60775964
62369350
62564659
63825759
64098846
64432183
73903774
75857948
77131229
78098444
78209701
78386177
82943618
86032311
88936843
90742566
91955804
100011467
102073871
105773889
106131841
107351249
109092204
109389235
109692384
113076610
117631059
117837756
120633403
123690858
130680614
131235018
133613062
134423589
135503690
139403154
143504965
144587319
144760512
145708971
147130913
149247708
154370078
154511567
156847507
158334088
158978180
164928343
167059454
169371191
173771619
175861166
176373042
176829762
176885828
177103865
177398598
179723855
180841339
181160978
181666011
181832984
183121940
183201809
184566306
187653914
189664524
193095853
193104789
194026799
198855773
205499709
206324495
206479653
208818211
213881451
218393040
218566070
218748387
229448482
229781086
232192563
235688325
236812455
240181536
243270822
246171083
246511818
247470546
249806737
252930578
253481962
257316844
264022398
266900203
268399466
269269138
269498359
270081328
270808791
281039116
281651302
283234849
283891233
284315854
287861243
292795718
293122898
297661347
298330912
301132265
313984945
317625399
317710248
320133854
320140336
323336033
327659321
330058559
332204031
332217548
333054197
333265433
337924766
339186655
345940810
346687096
347800795
349258377
350389314
353594440
357251606
358924571
359154635
359950850
364282736
367220112
370145255
376354659
383326129
387509625
387591202
388003620
388406638
388945241
389742617
390656305
390718032
391219983
392472992
394193650
397153043
399992625
400499638
401556006
402771094
411323988
412768442
412806592
413270106
416517763
423613286
425191437
425843415
428250729
429468292
431498241
432621756
434384455
435128068
440496734
444964878
445354632
445952277
451206457
452663095
452965773
455690498
456177076
461211389
462705097
466521702
466633151
467163316
467586256
468790278
469875715
470241096
470335708
471380271
472876058
480577216
483072589
483379810
485027100
486456771
489091757
491091632
491195728
492510445
496111775
498653252
500744515
505809554
506665844
507677993
508699324
513541621
515098417
515331401
515767462
516481172
519723599
521711995
523927255
523949894
524190496
525598161
527508080
535601978
536237651
536390700
537310437
537377883
539101279
539940572
545953037
550235310
550359406
552344081
562857348
564554797
564706336
564786813
565592906
570462696
576614782
578651366
581090973
581969222
583723420
587302803
587358431
587601052
590221664
590484619
591231962
596797893
598468112
600563559
602560268
605065535
605897337
606102610
607055715
607748747
609633083
609844904
612387542
613746062
614089473
615129483
616412490
618831069
619055893
620624394
622419303
623392094
627770605
634468350
636003715
637739507
641929313
648880389
650136481
654075407
656324092
659220466
661048825
663689657
665547494
665841499
666968625
669982566
670277820
675049319
675079861
676809930
678485761
679464720
680686360
681554545
687927525
690543264
695819007
695843544
700677662
700919225
701748957
707849800
710397305
711149503
718362918
719475654
722550309
723266286
724587220
724595362
727759084
727943203
734832097
737898939
738461083
738645036
740107718
741541933
742583536
747125750
748202432
748375637
751832471
752696324
756491750
757276807
757689520
759291517
759536063
765491902
766079548
766381466
766903244
771984061
778156308
780616189
780805516
783836397
785366323
789976373
790213072
791033735
795501708
796091679
797383980
797659155
798439132
799413001
799814627
800581688
802042020
804106592
806098566
807000243
808270474
808276976
809185985
811305951
814079441
814269592
814703745
821249416
824327570
827404031
828880558
831865556
832281111
833523747
835582303
838221048
839748639
840389814
841361789
846035698
849327374
850862915
851125462
853257746
859021647
861258387
863419454
870095368
871999541
873122427
875344620
875491349
876625962
883612684
883839407
884109567
885929026
885974315
887848693
888672846
889893532
894346185
895101823
896940219
903765481
911991586
914733991
915673436
924576362
925677124
934553774
935313705
936200676
938471199
938904170
944019288
944610037
944942166
945755680
950697437
953513653
953646234
954062250
955529196
958915776
961347882
963249164
963460957
963730724
964692976
965987490
966457239
967277849
967543829
969687252
973930168
978463499
979235583
981622762
987332886
988035315
991939001
992224881
992871964
993136066
993786226
993968008
994059613
994518560
996407018
1000628538
1001707591
1006324665
1008501947
1012593877
1012657986
1012803628
1014985875
1015671210
1021275403
1022671892
1024128379
1026307911
1027259895
1027708226
1027813306
1030140621
1039968547
1040431066
1046152419
1047784071
1050111782
1051251970
1054369612
1055093531
1055465889
1059138201
1062187377
1063079488
1063359589
1064569496
1064652691
1069494329
1072735761
1076419636
1076496249
1077320836
1080035309
1080262745
1080842923
1085451298
1088895201
1091946183
1093501839
1093856043
1096086499
1098145539
1104845794
1107201977
1109501157
1125213752
1127022009
1127380389
1128177507
1128545622
1128905390
1130012998
1133546567
1135231244
1138473270
1141015649
1143494744
1145130995
1146543944
1149014412
1149842815
1149857838
1154112070
1157318690
1161873465
1163311792
1164700769
1165904819
1170617709
1171636166
1173494622
1176781463
1177514060
1180260575
1182275779
1184404536
1187599601
1188590329
1188748149
1191079172
1192775075
1192860197
1193303073
1196237364
1200668712
1202299030
1205264974
1208925906
1212218585
1217162413
1223146223
1228708499
1228751456
1231789856
1236128700
1236565517
1237238953
1237464636
1237597676
1237912586
1238337630
1244653068
1247092831
1251494639
1253499331
1255283230
1255691511
1263233371
1265943539
1267341863
1269085681
1275458936
1280645968
1280784165
1281612199
1282612561
1283612679
1288255256
1292703219
1294189633
1300714649
1300927443
1301977708
1302011253
1303536931
1304372581
1305750519
1306284543
1306911516
1311031974
1313881334
1315014107
1321586410
1323982875
1324442736
1324624410
1325914770
1329973236
1330761854
1334657161
1334973830
1336644524
1336986772
1337234010
1338548196
1343872452
1345954752
1357985944
1360345650
1362162638
1364660660
1365470173
1373429233
1381071127
1381672661
1382304509
1384728246
1386900446
1389744743
1390124107
1390714137
1390772681
1393922212
1396271008
1396878748
1402092454
1403324778
1403575845
1411495720
1411824485
1424542575
1427626813
1431533563
1436333722
1438932886
1439453402
1441698531
1448002124
1449306479
1451014590
1452584094
1454023064
1454584665
1455165849
1457165857
1461372482
1461581915
1465645288
1466231754
1466240281
1471241352
1472688361
1472809973
1475912652
1476413646
1480019047
1480452019
1480975331
1482875356
1483695485
1484780180
1490698604
1491003365
1491115240
1496780508
1497358746
1497358876
1497658633
1498413540
1499816491
1500421791
1502452107
1505698580
1508536499
1508965262
1509731206
1510549497
1511383289
1517976722
1520397376
1521567694
1521601426
1521799400
1523026353
1526034345
1526443114
1532434240
1533632045
1534410889
1536578962
1538674803
1540624450
1542089614
1547729519
1550644029
1551656475
1554774025
1557329708
1559553433
1560102945
1562455078
1563068937
1564358321
1570113892
1572480939
1576599878
1578082627
1578476952
1578590440
1579532345
1582315198
1583557891
1584373332
1588562407
1590855548
1592245067
1592377068
1597737966
1598923590
1602568578
1602620282
1605296271
1605935799
1607580570
1608932161
1611121143
1611782610
1611806940
1612635753
1613985026
1619068607
1619093630
1620535757
1620786070
1623105804
1623294925
1623547164
1628743968
1630889857
1631538891
1631575906
1632055587
1639774222
1643108645
1645619829
1652662232
1654194674
1656905183
1658593071
1659715994
1661254948
1662831894
1663643047
1665834099
1667957099
1670888813
1672374878
1680404423
1682605186
1685851090
1687036243
1689847893
1690203492
1691205137
1692779438
1696747466
1697278308
1700424951
1701967959
1702750208
1704507192
1705979874
1706489383
1712347618
1713143967
1714424585
1719715853
1720363391
1720877012
1721048089
1725932013
1734868101
1735355229
1736932708
1744921206
1744974536
1746888636
1748718035
1752026239
1752303588
1756122652
1758798615
1759012583
1759318292
1762563054
1767783245
1767993247
1769536544
1771286074
1773134885
1774108124
1774491648
1777266371
1784399307
1791787040
1792950309
1793597828
1795841157
1797744776
1798593004
1799795984
1800180753
1802699399
1803824387
1804225932
1806359946
1808021830
1808470682
1808966897
1809860373
1813311423
1815064673
1816153322
1816360934
1817599282
1819445826
1819481688
1820695848
1820935200
1821590760
1822748783
1831752117
1834807004
1835337975
1836818681
1837002527
1844302005
1844447433
1846722995
1848408435
1850121927
1857810239
1858388931
1863912944
1866444562
1869474068
1872289806
1872366666
1873534807
1876679030
1877375369
1878833270
1880258558
1881457674
1881718810
1881805770
1882691147
1883496492
1884526492
1884773225
1891641774
1893417640
1893470479
1893669410
1894822167
1895404319
1899082150
1900551713
1902443749
1906624045
1916442321
1916701085
1917021241
1923428475
1924084178
1924601630
1924972001
1926737744
1928005633
1930253567
1930957238
1931731622
1933187852
1934986974
1936155215
1938091375
1939701052
1939984489
1940688958
1944357404
1945238575
1946299691
1946734792
1950439261
1950445336
1953254059
1954669878
1956073958
1956214722
1956310538
1958194465
1958860945
1959211536
1960505239
1962015601
1963386462
1963389885
1964418626
1965377050
1973035352
1973600285
1975441527
1976969045
1978510743
1979831961
1981637891
1982546598
1990475852
1992501164
1994741443
1998579849
2004679245
2009823246
2013796702
2014028143
2014253659
2016394315
2023980936
2031859215
2032171464
2033259843
2035146534
2035981142
2041518962
2041942087
2042336664
2042429640
2048912255
2050562393
2050820957
2051920684
2052574097
2053999072
2059054169
2059482506
2061605995
2067339963
2068878491
2070219329
2074286003
2088285423
2089691342
2089951005
2095777494
2097140978
2101102813
2103547768
2104170049
2104550207
2104566411
2105290620
2105697544
2106795951
2107574602
2114386478
2114725771
2116530814
2117130540
2123181432
2129589656
2134770475
2135690899
2135894605
2135938577
2137405633
2143377253
2144275573
2146530542
2146560101
