1000
2307221
4626480
6837024
7456324
9386278
10296275
11340865
13948500
17385252
18734715
18893609
19807035
21861571
22241299
28400956
31585554
35343543
36038846
36046971
36479752
37947498
38690885
42104738
44386684
44715204
55035765
55763576
56333558
57379717
60442483
63296228
70886189
75034091
86704021
99112134
104447235
106302419
106948652
109823771
109903168
110361678
110611206
110876099
112058533
116912624
117316564
118332423
122721942
123706896
124279930
126002509
126111164
127782926
128850028
130642646
133221570
134623241
136801019
137075938
141577512
144532262
145739383
153291135
155628934
156032067
156793810
161523020
161650529
163910774
165011284
165893260
166427695
169798887
172088599
172257643
176329558
176403813
181690431
182800098
183927143
188634852
188857150
189632757
190041287
191898428
193321370
196438232
200147320
200671857
200740145
204075727
205674744
207754666
211271580
212800786
214966932
215020443
216322196
221487306
224696008
226982742
232968394
233787531
234200492
234349358
238996596
240238617
241371926
243180395
244721660
245508409
248470255
249414590
249428733
256415473
261438742
262864685
263800100
265436864
269552168
269692901
270569931
272940560
273521974
273856084
278011915
286708398
287415138
291360757
292384977
296953277
298695470
302681252
304196262
307878310
307910414
309163749
314707237
315350997
315355808
317022734
320640218
328936053
332365599
334718373
339819729
341423023
342500666
346093258
347158413
348082559
350030629
350258649
350796232
355825611
355870088
361697316
363768123
370634528
372799255
373354836
374451316
380916789
382863239
386987843
387195963
393275205
396939653
397035113
397773752
399866967
400373433
401474674
401797463
402773738
404791520
412568452
418165277
422922300
427614305
430556850
433024965
433076421
433930756
435884705
440613077
441313018
443406094
443817570
448462052
449114148
449400274
453861057
454845242
455047379
456197860
458260280
460260138
460618455
461405718
463064310
464450209
465531647
467399580
468356509
469010368
470824405
473197088
478223239
481120195
481936776
484275087
485536970
490597808
491514222
495284563
496685917
497573496
503990660
516408805
517434087
517752582
518395655
522077296
523024161
525289441
527774611
528278607
531333978
536641298
538370649
541685537
544967585
549049830
556544939
560418040
560829259
562362893
566626404
566636537
567380949
568178206
572481127
573514424
574089713
577728435
577753031
583695270
584262789
586720164
589358325
590414720
591099813
602684415
609338905
614046467
614813875
616838190
617194435
621953265
625897449
626707443
627704246
628249262
635432080
636969425
637198468
639157304
639731019
641799646
642675586
643783784
643993059
644116500
646329785
654180687
655033426
656802339
659964714
660489162
663428985
663673686
664566389
665151764
665867866
670612654
672014568
672851581
683573542
683661070
685270630
688068555
695496904
710248927
715347372
716694445
718093917
718803626
719597039
723115109
724874045
725378249
726271044
726503727
726780044
727227196
732773025
733079531
734654340
734926560
736862065
737246493
740323088
744172918
745170558
745695728
746067426
746970074
748114116
748243184
748424375
748880917
748988745
751437322
752556527
753816830
758287924
759107754
761748320
763117316
765035698
766298647
769316132
774829859
775429763
776687135
777837328
778962535
781071014
784903806
787418260
790060916
792576329
793750211
793782621
796605066
796869897
799578939
803010334
804080442
807207770
807345256
808348669
808535523
809372393
811112854
812484927
816255318
816399411
817544693
824793931
825892178
826237295
829075207
829883674
838681589
839232708
839644896
839832798
844597051
844789847
848727075
851764766
852645128
860389026
860775967
863190360
863475800
864481559
865252421
867641667
870138008
871281397
871639157
872443463
873041609
877431495
878276933
883839561
889820696
890974182
892037224
893853499
893949736
895661479
896141962
900381675
902122468
905748997
907366460
908610702
908956048
909121481
911571876
913647675
914323904
915343981
916238953
916261517
917714675
922486645
925102395
930598461
935156280
935569606
938577728
943476698
945076778
946381392
948518073
948956647
954343968
960319787
965847047
967304411
970475445
971449018
973308367
973695487
974949029
976437330
977584404
980498397
981776743
986343483
988695209
992574487
993491314
996345045
998473991
998895784
1004086725
1005109284
1005368642
1010890838
1011945509
1012086627
1013294211
1014274604
1015254113
1018542770
1019543774
1020611460
1022183082
1022241784
1023864136
1024085453
1026856298
1027782262
1031154503
1032379366
1034963315
1035005564
1037790527
1040857592
1042243280
1043189196
1043397741
1044951971
1052552788
1052571963
1055003785
1056163249
1056371766
1058864749
1063561758
1063944827
1064418256
1064869666
1068081680
1068980929
1070626689
1071654322
1071751646
1071794536
1078347523
1078432937
1081246516
1089704279
1091278884
1092452497
1094218580
1097867800
1101973156
1102177645
1102687061
1105411913
1106349235
1109211204
1110555424
1112125197
1114552038
1116681189
1117277372
1118129363
1124016490
1126390266
1128542495
1132720139
1132982170
1136401235
1137456923
1143607106
1154111071
1154425009
1154482054
1162348179
1162487774
1163066338
1168666238
1168875538
1169207615
1172688530
1172819261
1175186739
1181772455
1187268654
1189655486
1190907537
1191295278
1192131812
1193160643
1195350067
1196688877
1205407997
1205734607
1210371461
1212033289
1212475500
1214285928
1216388267
1217018569
1219319186
1220435215
1221158990
1222390327
1223158879
1224830038
1226505298
1227283563
1230878133
1231776081
1232761861
1233400017
1235897896
1238091917
1242585560
1243383358
1243616120
1243670388
1245284175
1246250637
1250626716
1254001237
1260503066
1272309130
1272496235
1273575652
1273940361
1277234984
1277426881
1282346199
1284197736
1286067083
1286177309
1288904022
1292999976
1294019911
1301039831
1301095126
1301582988
1305193818
1306568110
1309878617
1313500209
1314858170
1316400059
1318869507
1319392908
1319785442
1321706778
1322556407
1322877677
1324923036
1326946431
1326958237
1327227685
1327534249
1329855121
1331588881
1335607548
1338839594
1339491441
1344125152
1349662156
1349862397
1350111606
1352716701
1354784017
1356551263
1357398499
1358290337
1359902890
1361652230
1361976597
1363388287
1366013373
1366602995
1370674434
1374722424
1375069931
1384017470
1387074429
1387294268
1388236287
1388793929
1391587904
1392988930
1396617787
1399730377
1401247729
1401640120
1402112470
1403985177
1405019504
1405792902
1406870314
1406947309
1407607298
1410076431
1417424452
1417856652
1418385213
1421408838
1422111433
1426741427
1427541057
1430198199
1435692626
1437234655
1440670642
1441499256
1444528787
1445471829
1446434666
1446863255
1448680619
1451993982
1452419755
1454650505
1457179649
1457807877
1460925384
1463487558
1466116069
1469028743
1469718045
1470493656
1472375401
1475322724
1475482836
1478040162
1480132115
1481704853
1483754355
1483887338
1484615336
1484810441
1486061577
1489438208
1490692564
1492047954
1496808499
1500558394
1509200490
1510436252
1511507925
1514519914
1516998311
1517430248
1520634574
1522430731
1522656574
1524464698
1524497411
1532011784
1532027186
1532847345
1534026424
1536643844
1539638762
1541027544
1542051424
1542147336
1551032320
1554791186
1555868173
1556029064
1556599188
1558289163
1558982109
1562217664
1563555787
1563912995
1566692428
1568330163
1568740785
1573063856
1573691933
1577299645
1578103500
1579857143
1583490118
1585403150
1586029677
1590525790
1594944991
1595435016
1598130140
1598395033
1599592936
1607693581
1607760816
1609211776
1610277793
1613818053
1614697309
1614778166
1618185730
1620345076
1620348988
1623075656
1624836297
1626091871
1627215398
1629977617
1630481569
1635963144
1640299626
1640439375
1640545182
1641168694
1644136348
1648482289
1650017169
1650803425
1651593641
1651818997
1654205870
1655850859
1657929699
1660260810
1660596403
1665222883
1667374747
1668301735
1668599560
1671313724
1674744468
1677860600
1681505345
1686245146
1686836570
1688656441
1690835352
1692612272
1696060392
1699795272
1704340581
1706081393
1706669313
1709740027
1710870081
1711325024
1712697861
1712756520
1713801850
1715885653
1716428021
1717831456
1719458381
1719923386
1720119587
1720794211
1722080211
1722555736
1722667165
1728014647
1730120209
1730746891
1734868793
1736568053
1737978222
1738031255
1740568738
1742012856
1743525064
1748583583
1748876612
1751886149
1753589162
1755022141
1755399865
1756581480
1758004359
1762975440
1766932402
1772496176
1776882461
1778220114
1780673128
1783376812
1783974304
1784668117
1785356342
1788620017
1789684561
1790795499
1793574592
1794665231
1795520396
1795617176
1798759966
1801350263
1801906118
1802797947
1803811186
1805282763
1805867868
1807403762
1807974519
1808815406
1811466750
1813469897
1815896805
1816991341
1817130545
1818152257
1821602623
1823397957
1823909845
1824043251
1824407065
1829101821
1830301201
1835613363
1836523792
1838693024
1847346121
1850123547
1851649719
1851987965
1852686496
1856999324
1857865037
1863247586
1863837092
1863937488
1864359998
1865148964
1869339706
1871443292
1873204647
1873281416
1874189412
1875425409
1877239406
1878945610
1885061505
1885391792
1885488795
1886547282
1893429484
1894596926
1898779568
1899228120
1901853819
1903796485
1905774967
1906902408
1908136532
1908453426
1910828994
1917525629
1919596228
1919794292
1920006099
1922703056
1922997882
1925979746
1928426387
1930365122
1931503693
1935540650
1936013631
1937179544
1937432824
1937944678
1940535634
1943972562
1954488100
1954510759
1960899875
1961079593
1962773678
1964691436
1964695533
1969911358
1972883883
1973457286
1974848375
1977645389
1984276306
1987962378
1988916529
1990622217
1993978897
1996834736
1999312576
2000400365
2001531586
2006514632
2008496578
2010755127
2010997072
2011705757
2011991632
2013416606
2013912352
2015158428
2018948578
2019928795
2021605254
2026165149
2026954751
2029399078
2032144887
2032923645
2033659867
2033719388
2039268585
2044506632
2046889022
2048101677
2048742580
2051104598
2053217149
2053652133
2057499373
2058092609
2060113069
2061244839
2061743393
2062320111
2065882669
2066559278
2068097177
2073071212
2080013256
2084434843
2085077292
2086795608
2087829042
2088813776
2091335081
2094300936
2094615301
2095879357
2101156751
2107017487
2111458389
2112962826
2115526729
2119950150
2122382341
2124249901
2125098352
2126216190
2126257854
2127538140
2128975722
2131182292
2134227586
2136072576
2136800269
2139392387
2141710434
2143107569
2144569655
2145537844
