100
54454520
56106246
118303654
119285182
120963676
146941349
188267910
189912311
199516384
201395869
222073694
261691876
267693988
279973601
288066182
303447898
325079738
332038216
335204240
354178705
367586536
398277255
404514514
404698844
409819893
413831022
457606300
469885912
550450541
551878100
556808444
565398932
575079887
607984346
626623791
631186133
648174682
663783569
695288238
721069621
749955575
766006839
770400785
796252256
868163167
882760254
896896924
908263171
927492212
928253017
1002744142
1047538200
1088585220
1093784309
1098292793
1118164014
1133283378
1159303821
1195233743
1214234110
1217619588
1238066670
1239170479
1248629761
1284288121
1287459098
1350986098
1357399088
1397024577
1453705368
1494746623
1511154181
1522678528
1526415269
1549150974
1549438350
1564650811
1603605494
1619098271
1646907016
1751473375
1783873458
1805001363
1811942294
1836233920
1844243380
1907164454
1932237347
1935993680
1940246292
1955801371
1957572651
2004073509
2005357743
2027499760
2065227442
2074372681
2076765047
2095419032
2125932757
