1000
305153321
188228368
1725519133
309896105
379401764
2077590972
1001156988
1831935876
1548787266
1327657506
1587451331
686920137
1359200552
1900970269
1089722153
1939787966
1740870745
972307651
980984441
360535151
638506158
2087960445
167151657
607593713
1893147336
1371209283
438022406
1595104868
260177452
1173292702
1253292447
565330774
1361521070
831327932
875226879
1740922835
761435256
1876383867
1425375063
162738874
1056557725
865342746
849659012
268274630
618829368
1939381165
60578948
212216465
764205168
1041563390
572751617
1402711326
982040187
739903274
2010305039
727703875
2111112557
300843798
175325095
223806361
1474136500
1428617543
789137135
688173923
112461827
1664364014
281613110
873897084
1393264233
1706988173
1036635958
302338311
424847271
1886294970
570612941
1043676639
1678192487
631191889
1255893105
294914007
1672755279
1828644722
1697625334
507311818
421064348
1560446725
1235015694
384693257
1861290523
1410340789
608499618
1187943376
691474684
1397636754
1876117299
803936512
914517120
10246761
1677833596
160297706
1717234934
566985906
462636017
2142082205
305797229
1033248958
1038275197
1983989716
1664440847
146684654
131420076
1189712479
1975329376
1829045410
1697024297
248910076
1242008487
784556343
633603333
955815363
47413485
1242102951
2143758739
738888169
492256057
1872392390
1542824681
1406773178
1882639151
1073174629
1567070884
1452390437
1640160536
2029706901
1446988994
1945957765
915472211
337780543
1782463833
432429410
484465197
1913883909
1622141889
312310925
1595445671
1171682539
561221001
689970511
1956238882
1194824334
1645785874
2003652367
289443638
1642060965
595056889
781699695
1366969707
2137881570
40989225
1102125210
1063572552
1608060109
407031999
556249440
1490283362
1854020993
354723557
258271925
44317889
2137187390
690701336
528783086
1903587652
165359577
841094012
1351549675
1337042116
1402315013
2041520186
1145797351
449655700
1539822412
1001966070
739099338
1034399729
1597022959
1520799033
253885788
1587420882
1561788259
1356010998
503509786
1022364720
1763042997
1059759226
365164435
1469580343
1414482783
623436360
1513898232
1404186525
1314137696
2042681318
1160290529
1479497274
736291682
364356557
669055742
2138606696
258393095
1814853093
440778748
1798215508
669335516
1179878086
685131589
118874827
553193471
939017378
1706295709
2114981730
147544728
62321847
989862803
1910587726
1122081073
1355027238
1232684421
389080208
1978463598
599099005
1793266734
1145117647
494296675
806073615
477131273
1230588358
1170430172
1146187015
1221711406
1428823268
813556461
1662490154
1079555128
1482891977
694884592
1764686717
1601766804
1248078063
556220447
1160578866
1215576146
703765176
1222900713
57955301
466869254
197498139
1412982539
1699553675
586578347
1243962489
151169032
232361433
241596488
645465707
1038435049
718727761
1876054065
61381573
1864914777
950281823
1490204841
530987590
465288329
422276321
2013879567
1160172921
39479391
1468162723
260767337
595699838
481257941
1476343483
1299465014
1704158655
1534298784
1766334268
1901656794
799797675
1318404295
340751493
2043760164
1469573327
573112927
137873005
2115039035
1611547976
856600766
1843609452
1672929549
574031895
646407628
1015650743
1105019485
1111695957
1437927064
971415404
124385231
1477406455
292094480
385152568
2073106294
773352421
1861496051
1225087660
330027428
1248311187
843938281
84200574
2048108862
14858928
424952068
1944385378
1484432256
998064995
2082258383
1451987643
462129323
791375502
1148113447
2135058872
1365407397
1794521075
1003225967
322943235
758733385
293669384
1294358639
883118616
1771075839
1586453119
1268271184
1696698485
212321893
982283587
774302498
542349321
83111126
1618240779
626549896
2131219988
1633099707
1051501964
1928121718
970048315
2049566959
1862896454
274552310
364212634
506788308
1422665758
351787858
1872195705
1069703185
1355013826
47655292
1828436570
1648683210
1342013932
564071538
1272275401
780983403
1832342722
821490239
993305296
667142661
1595792737
1535654618
750253787
1066549868
14720866
733990127
552165927
1066222830
514628198
1522214243
968306141
230041004
1796766553
1332518775
736829312
1071948663
1684306633
461541369
2141651849
891836811
509196662
1822604771
393036373
1851210594
239192662
1665311775
484710349
2071535384
339318366
1478015646
591194398
1935111103
866186616
1341448185
854177323
880907482
2075438313
1406343250
1947130312
442582863
781073845
767952805
672623867
430356751
2100471580
1409453179
1502305414
1637294565
1870994548
1496473615
381647729
232707562
1171594739
774684102
2083918156
1410787401
292512229
421144858
1334839137
631830595
1899160504
1926033535
419458050
617863472
1119998073
1273635373
1498770954
1047952738
532494976
1298417618
1490535601
1313568821
2066370423
15675820
1743925572
2019358355
1425128999
1098747339
1509169272
1148639899
447737306
1890817001
1381347462
1619332045
518017456
1317781970
882635798
810529685
1738926828
69991288
1442360281
1490603684
1996024823
1861818331
2108467156
968539248
987970057
1459754462
2016491986
1520465033
610688432
1359543939
686550206
529575207
1375219759
282992131
401449914
652865110
1381739470
1910619187
1801505010
1829476776
1653952540
1035368824
1301325174
24486348
205667146
36477324
835016034
1944593975
106468612
129892667
1287714011
2102493436
1991710998
1248697520
923549036
832197407
560968334
792557375
205178792
1171656767
4617666
891728999
1701231974
1379837426
1174721130
2102681889
2032702536
408976952
1865817428
1686723898
90970080
1372286320
574609074
1392295254
1396772669
780276221
1428772579
84305055
577386548
1535241191
214197722
1865100559
1490250979
58425072
966314431
266316368
890622480
1527282766
1058873743
1095801272
551455885
1063491409
1987530271
105204211
295845187
1014767753
60402452
181064076
1423744705
1926219880
1867787974
1514714786
1151022553
294913401
759526392
400311574
1075189622
40815323
484616629
1652576170
1576056515
698814351
1370193081
918823846
757239423
189023865
1185140214
1647861903
1716306631
96530309
596179528
120278868
1160021719
436226151
225483079
1455866906
1450993905
285885532
1636930982
727254962
64621764
1357235309
94486100
1215644317
1652148710
854012493
1615955891
579854684
894827816
2100572520
84947206
323400683
651903223
1455140287
1242224530
1409142647
1644164152
279881096
909520902
1212987135
376411406
1505700430
1333266003
1536433125
1941926582
1558749083
844816383
1245436839
1844634615
334263718
1972691801
1909256379
1691499027
2067177902
977417049
1196164089
773706747
445889292
1776018773
1668534563
398978165
1860965979
1991935247
1050881388
1168622618
1086676129
312540387
665303123
1366557225
1222061290
1878290258
1742968631
580278072
1064072614
1131918108
374721006
475338049
1976734492
1620157845
172489016
163514562
1445365999
2081745395
1855013589
1365060253
911678796
903694030
2138767000
1357568089
532229155
1659817915
1756546254
245711486
1504269514
659943994
1414334104
443461995
972484382
2079637227
1810019221
47062024
1810443838
1405504204
627340096
727032804
389938665
1002061103
1202370853
219189509
474735300
1374859869
382704071
1920101299
1309121616
90234012
1137677904
73316765
993928042
1128961256
1430884854
1526157197
641295524
1039947460
1771868683
2145565038
1699891454
1038719139
441543386
524892188
970872719
104078959
571954212
633832909
1509583163
1199294309
1360865713
1899521828
53871764
415752918
2118711337
528607064
1790612787
353931760
301224716
952250755
444165772
1438902620
1025567520
1438093814
420380229
308968726
816767363
1061675753
1348916186
441152398
1059757143
901323993
1479871538
1501300529
1426216181
303260609
1605379488
1998170394
937093518
967479004
1049981055
150475583
719517184
1103852819
566228501
690744874
1632459883
209357640
1044676634
1933684599
1161608395
1488842407
1225103572
39692268
779452573
1645483801
348660994
1596219937
559675906
1697577181
2037372335
1619433049
451417526
1369760225
973249931
1877633707
1673020834
431145771
1728320453
462630704
1398624775
630817860
613106287
2118141960
1734670679
1179334788
661403186
1219646915
1388692428
1706079820
1005847866
402817176
1047438579
83467790
442509444
1826891153
1728951591
791170438
1275627442
141143849
341263971
1165516129
1760576899
792681497
387792707
586343182
522831557
2060813541
1017488953
103668362
375960598
268630081
734486223
989066885
239288393
321673254
20918026
900691579
1541320169
1409610454
459287751
399684388
1812427630
1506726331
483152178
107453426
1186133836
64620122
898623865
314277630
205763971
1239887836
1479793759
1966340870
2032569334
1867586466
405200404
407917243
1780916360
1422689358
511585605
9393310
1691319439
1246071828
998460195
1930607832
1567745083
1019378221
683815763
961581604
281505028
1143103514
1361265992
2093932658
502346197
1844418171
53902437
1688480033
1909038293
952526302
2002757663
2114802264
44930490
1335067775
1933659487
2077499824
1055170593
191376243
337933419
688603305
1614065601
849519025
697996615
1157901392
2095590853
1696456811
941025576
1515852288
568351384
1624841339
329950245
849856412
620461206
1691216237
796305423
1122807403
1388150760
850207860
663803789
1149705405
1802734162
519077804
1117024022
1847664652
1854145579
903199861
1777680829
761832525
1094576104
2115614248
1450435830
561158058
817649625
948798
1719059450
765756831
1697405609
512601379
134125471
118273345
2137442718
464075716
968129758
610420276
7808306
1764435181
1733227680
1395959066
467159393
249547821
398180824
122409907
768625625
1515204846
1970074559
475287557
270921059
1600271740
1237120082
1365497163
1568402341
540072264
1926655221
238568318
541021062
1498231024
1004325149
90943023
2010832403
1138450621
209216369
2000791473
1602526337
1177346127
463728102
1610334643
794297660
49472134
858810062
1261457053
299019955
1256990886
1383866960
1067645580
624712084
1206457871
1542933137
895633143
659245964
632569571
113646658
80164657
1172641836
2040301880
318732975
1713662898
1391049256
1323058125
1804605922
1254398011
314025098
2013822291
1107705836
1916551435
1043684770
1571433938
1379402431
1837982430
1620906072
90728845
951955835
1919926027
1347719731
188339147
840087960
1972431815
1394797018
235537449
720581310
2054042982
868107021
834227968
2134207639
2040748857
727046200
305456967
1606928107
2118095456
1628515092
1264050381
1225009819
1942540190
1130389024
185232008
1711607977
26590146
1756665946
943526760
1864572576
1230088371
1034255605
669044763
1002530750
234491688
857383910
1842618710
59439855
104697281
2078156160
780021165
11256615
798779533
1614249134
2145464255
692044742
193811686
303437574
