100
1229736975
759284159
1937122521
409823499
1891366064
671323575
840522284
2094560015
1747407619
803487048
471695924
1813999803
946845242
516474817
96629215
1156714315
1672007308
374743125
1920015158
1498300731
1282794441
1244926855
1047665331
407409728
465392942
1552347403
1285112631
1470519899
795565276
1359137011
578613707
2025302251
2118421170
368252581
287642102
1862303586
1039576156
1128164387
1809379953
639500127
1931651435
133592230
306016282
731013030
650067047
402645497
1887727345
174590707
777388622
1660258855
1672891439
2060183063
757702062
573073122
320109143
1223095005
2125420525
1605221775
546131256
773502153
816875138
1124744964
651320756
787812660
1492997545
938962858
502632598
385090053
2067127245
164528903
1024590180
1851295033
298121133
1330606462
434824415
948188180
1733251959
175068112
1122778888
363156933
1835326968
648186679
275856349
445545382
1221259801
595965492
1668640387
1199196678
53703619
67287996
1972698831
870578757
1192032960
476535939
1658391417
537546857
1415498797
13540367
922636910
1335142395
