1000
695496904
2126216190
2134227586
807345256
1132982170
824793931
1794665231
1210371461
1402112470
1370674434
443406094
900381675
1032379366
761748320
1789684561
1972883883
1163066338
373354836
1541027544
572481127
270569931
234349358
726503727
627704246
1344125152
1709740027
568178206
1359902890
1558289163
363768123
685270630
106302419
342500666
672014568
913647675
1475482836
1496808499
560829259
538370649
751437322
1931503693
981776743
1651818997
816399411
1743525064
1294019911
641799646
759107754
1667374747
35343543
1331588881
1937944678
269692901
2058092609
418165277
1613818053
1620348988
986343483
826237295
1031154503
1350111606
1511507925
1137456923
1692612272
36038846
2051104598
1020611460
1532847345
464450209
1558982109
136801019
248470255
393275205
1788620017
1064869666
2136800269
935156280
1706669313
748424375
455047379
1742012856
2080013256
245508409
2011705757
1990622217
663673686
1478040162
1463487558
1650017169
156793810
347158413
852645128
1668301735
1484615336
397773752
1704340581
1388236287
1418385213
1089704279
1852686496
829883674
1226505298
2101156751
1223158879
867641667
1018542770
1212475500
1802797947
577728435
1960899875
110361678
172257643
1893429484
355870088
36479752
1736568053
1019543774
1514519914
1052571963
522077296
1671313724
1399730377
1374722424
1192131812
736862065
1772496176
748988745
2125098352
1043397741
1838693024
1830301201
1873281416
917714675
1783974304
948956647
1785356342
655033426
13948500
1440670642
1232761861
1974848375
1551032320
1405019504
1720794211
1906902408
1441499256
1309878617
778962535
808535523
214966932
1301039831
332365599
1614697309
528278607
1524497411
204075727
153291135
126002509
181690431
1196688877
1964695533
2011991632
922486645
734926560
1648482289
1871443292
372799255
156032067
1885391792
1813469897
1388793929
1712756520
1217018569
646329785
1286067083
976437330
2087829042
448462052
1755399865
748880917
663428985
908956048
1081246516
130642646
1437234655
458260280
334718373
1590525790
584262789
516408805
639731019
401474674
380916789
1562217664
1136401235
2029399078
1286177309
1509200490
37947498
1024085453
1175186739
1426741427
589358325
244721660
2073071212
1875425409
1221158990
2013416606
176403813
829075207
614813875
839832798
1738031255
1696060392
970475445
1027782262
6837024
1305193818
470824405
591099813
1821602623
1110555424
992574487
55035765
525289441
2128975722
2084434843
1811466750
1490692564
2122382341
688068555
518395655
1401640120
1277426881
763117316
1327227685
1005368642
1984276306
1193160643
1181772455
665867866
1807974519
2021605254
256415473
1356551263
844597051
1284197736
1363388287
2307221
1755022141
1954488100
1823909845
718093917
799578939
1878945610
1243383358
781071014
1815896805
907366460
124279930
1790795499
1595435016
642675586
1044951971
725378249
1405792902
224696008
1730746891
1242585560
1417856652
765035698
1908453426
1078347523
639157304
17385252
287415138
1483754355
1301582988
1650803425
1486061577
909121481
1457807877
1162487774
1627215398
109903168
893949736
723115109
890974182
562362893
1630481569
1015254113
205674744
1078432937
1657929699
1250626716
1803811186
916238953
1475322724
1387074429
11340865
745695728
4626480
1919794292
1824043251
643783784
1937179544
2111458389
2127538140
1091278884
1614778166
1466116069
2000400365
925102395
481120195
1480132115
1035005564
1375069931
55763576
1925979746
1937432824
1686245146
793750211
2143107569
617194435
304196262
1246250637
273521974
1220435215
574089713
1660596403
1231776081
1319785442
1665222883
1004086725
996345045
161523020
793782621
960319787
141577512
1885061505
427614305
1607693581
1737978222
1352716701
2088813776
1070626689
240238617
1316400059
1126390266
18734715
1106349235
665151764
812484927
1101973156
1282346199
1116681189
200740145
1555868173
189632757
774829859
1068980929
1421408838
2094615301
586720164
278011915
943476698
748243184
1071794536
1903796485
889820696
809372393
183927143
350030629
399866967
1536643844
291360757
1470493656
1776882461
1607760816
449400274
1795617176
566626404
1114552038
460618455
1668599560
249414590
1577299645
1869339706
1805282763
1766932402
496685917
726780044
1040857592
443817570
1313500209
1318869507
1387294268
2061743393
243180395
1143607106
804080442
1052552788
1327534249
1154111071
1452419755
716694445
1445471829
775429763
346093258
905748997
1224830038
2141710434
1472375401
191898428
454845242
993491314
441313018
2032144887
715347372
99112134
1651593641
1212033289
825892178
544967585
1655850859
2139392387
1863837092
895661479
2053652133
2107017487
2039268585
710248927
1012086627
1219319186
1864359998
317022734
1936013631
1162348179
1092452497
134623241
2068097177
169798887
128850028
1392988930
361697316
583695270
238996596
803010334
468356509
954343968
902122468
2119950150
18893609
1728014647
517434087
1674744468
1719923386
233787531
422922300
1626091871
193321370
314707237
188857150
1205407997
1534026424
2053217149
1522430731
1322556407
1068081680
467399580
1457179649
988695209
637198468
1586029677
234200492
998895784
22241299
473197088
1801906118
490597808
1427541057
556544939
463064310
1446434666
137075938
980498397
973695487
1856999324
1214285928
1396617787
1335607548
1407607298
1711325024
1524464698
465531647
1097867800
1430198199
1987962378
272940560
350796232
307878310
1730120209
1339491441
945076778
1168666238
1573691933
1943972562
1190907537
2046889022
1598395033
1681505345
1326946431
7456324
2144569655
625897449
144532262
977584404
1599592936
2001531586
44386684
848727075
1189655486
1451993982
412568452
566636537
1917525629
1510436252
1996834736
1758004359
1783376812
200147320
2065882669
1366013373
1539638762
863475800
387195963
965847047
659964714
1578103500
865252421
110876099
1112125197
44715204
118332423
1109211204
670612654
262864685
2086795608
122721942
116912624
2131182292
971449018
1306568110
1435692626
1384017470
1873204647
1205734607
746970074
1722555736
816255318
382863239
1922703056
734654340
1748876612
1314858170
1598130140
2136072576
133221570
110611206
1566692428
998473991
221487306
531333978
1043189196
339819729
1640545182
1713801850
602684415
1579857143
1836523792
719597039
1563555787
660489162
2026165149
851764766
2044506632
1751886149
2057499373
643993059
1326958237
726271044
1026856298
1102177645
1460925384
628249262
269552168
911571876
616838190
402773738
1022183082
36046971
1401247729
1243670388
567380949
296953277
1583490118
60442483
2010755127
38690885
1640299626
1699795272
758287924
1056371766
212800786
636969425
1908136532
109823771
241371926
1818152257
753816830
1568330163
396939653
1780673128
523024161
1857865037
261438742
792576329
621953265
878276933
1195350067
1644136348
914323904
449114148
740323088
1481704853
746067426
176329558
1542147336
609338905
215020443
1034963315
161650529
973308367
2091335081
374451316
1610277793
1851987965
484275087
1851649719
1522656574
1238091917
1272496235
1919596228
871281397
1795520396
1629977617
1132720139
440613077
104447235
2010997072
1635963144
1748583583
777837328
2085077292
341423023
112058533
683661070
517752582
1654205870
1292999976
732773025
541685537
1454650505
1706081393
485536970
1829101821
1168875538
190041287
165893260
873041609
1712697861
1403985177
2145537844
1484810441
127782926
1793574592
967304411
1260503066
86704021
1071751646
1124016490
1722667165
672851581
1901853819
1660260810
1014274604
2013912352
196438232
1532027186
1520634574
1489438208
117316564
2062320111
796605066
1823397957
400373433
478223239
844789847
590414720
644116500
1717831456
155628934
2048101677
1715885653
1640439375
28400956
1361976597
460260138
1288904022
1448680619
1532011784
265436864
1023864136
57379717
19807035
536641298
1071654322
2033719388
733079531
456197860
1406870314
75034091
573514424
1321706778
871639157
249428733
1722080211
1349862397
1094218580
165011284
1993978897
664566389
320640218
1894596926
232968394
1961079593
1922997882
1594944991
273856084
1064418256
896141962
1805867868
1329855121
1920006099
1863247586
1349662156
309163749
787418260
1235897896
1042243280
1243616120
495284563
1117277372
1817130545
1816991341
1988916529
2066559278
1391587904
1191295278
1013294211
1556599188
1037790527
1677860600
1877239406
784903806
1910828994
1690835352
560418040
1358290337
1964691436
1624836297
106948652
1623075656
807207770
2026954751
1338839594
9386278
188634852
2126257854
1245284175
1230878133
1222390327
1740568738
200671857
892037224
1410076431
42104738
811112854
654180687
1233400017
1824407065
63296228
123706896
1354784017
1940535634
908610702
1118129363
1483887338
1469028743
328936053
1301095126
946381392
435884705
776687135
1753589162
315355808
2115526729
1762975440
503990660
2094300936
860775967
1734868793
1169207615
453861057
1935540650
2061244839
1863937488
1977645389
724874045
370634528
1063561758
401797463
433930756
1187268654
1756581480
226982742
2095879357
727227196
1710870081
1417424452
1056163249
864481559
216322196
1492047954
1641168694
1969911358
1807403762
1609211776
1585403150
163910774
1556029064
298695470
1898779568
577753031
752556527
1686836570
491514222
469010368
1516998311
1216388267
839644896
433076421
1618185730
1273575652
1620345076
1227283563
1500558394
1568740785
1954510759
1063944827
838681589
863190360
1928426387
1055003785
207754666
1422111433
877431495
2015158428
883839561
315350997
31585554
292384977
614046467
1930365122
870138008
1366602995
1469718045
1361652230
1835613363
839232708
430556850
527774611
1272309130
2048742580
1801350263
745170558
1128542495
1154425009
166427695
935569606
70886189
1005109284
1798759966
1999312576
2060113069
2006514632
1273940361
790060916
1874189412
10296275
1105411913
1905774967
302681252
1719458381
1688656441
1172819261
938577728
1010890838
386987843
626707443
1850123547
817544693
1154482054
974949029
718803626
808348669
1720119587
1847346121
1962773678
1886547282
635432080
2033659867
744172918
286708398
1885488795
656802339
145739383
1011945509
1446863255
2019928795
1022241784
404791520
1778220114
1324923036
2124249901
1319392908
350258649
915343981
182800098
737246493
1542051424
2032923645
1554791186
549049830
860389026
126111164
1357398499
433024965
1973457286
1172688530
172088599
461405718
1058864749
916261517
748114116
796869897
1573063856
893853499
1808815406
872443463
766298647
683573542
1277234984
397035113
2008496578
1254001237
1716428021
211271580
21861571
1899228120
948518073
1563912995
1784668117
355825611
2112962826
497573496
481936776
1322877677
930598461
307910414
348082559
1102687061
769316132
1406947309
2018948578
1517430248
56333558
1444528787
263800100
1865148964
