100
2074372681
1238066670
413831022
1195233743
199516384
354178705
2095419032
575079887
749955575
118303654
1494746623
556808444
1248629761
648174682
1811942294
2065227442
770400785
1957572651
1133283378
222073694
119285182
663783569
288066182
908263171
1935993680
1751473375
120963676
2027499760
1357399088
766006839
1526415269
1284288121
2004073509
1940246292
332038216
56106246
146941349
279973601
631186133
896896924
398277255
2125932757
1453705368
1646907016
626623791
1118164014
1564650811
1397024577
928253017
550450541
1619098271
1047538200
1214234110
1907164454
1955801371
1002744142
1511154181
2076765047
882760254
721069621
695288238
261691876
2005357743
551878100
54454520
189912311
607984346
201395869
469885912
1239170479
1098292793
868163167
1217619588
404514514
367586536
1844243380
1522678528
1932237347
1093784309
303447898
335204240
565398932
1350986098
1549438350
325079738
1159303821
404698844
1836233920
1088585220
1287459098
409819893
1783873458
1549150974
267693988
188267910
1603605494
457606300
796252256
1805001363
927492212
