1000
382126
3065213
4409999
5350020
6315035
7462628
15739495
20662871
22041368
22625872
24965292
27583339
29194974
29707408
33036850
35676176
36174838
36468408
38741390
40963069
42446320
43476874
46040785
48663136
49820495
51807343
57664656
57706682
58650071
59280569
64530093
65872695
67558238
68912092
68922843
69211688
69391143
72802689
77700187
81855158
82595313
82793825
83515859
87841089
89690565
89874945
94075316
98761434
100243639
107742549
112687700
113718688
114057584
114211032
123679861
124386404
125038539
125949432
127751771
128318114
128528036
131264454
138778464
138797766
138898487
140204756
141765135
146454538
147312680
152679585
154019411
154302448
155207821
155700568
163104643
166604217
169043007
170630047
171408729
171730103
171976228
176782208
178184306
178666019
180920456
187601243
192220402
194322981
203951819
205817983
206489616
211489327
213317233
215030203
217572650
222626178
225071283
225224062
226270843
227380777
228594851
230058800
231857677
232568107
233607785
234838925
236427212
236986868
242403402
247278942
249304512
254739209
255157244
256121223
259234582
259314276
264033899
264154272
265734977
266567051
267121016
269467149
269507738
270551428
273485871
275180219
278639144
279025524
279060853
280553286
282057733
282083493
287389738
290893678
292427981
295711012
298326790
300814473
304476367
304600317
305496738
306638711
308114938
311227627
311988732
314745810
315831376
316726927
318020126
323019241
323020514
323688585
326060098
330264969
330873664
332656112
333527210
334314668
335142230
335190198
336103989
342061929
345133514
353885450
354034384
356363323
357936924
359195352
360315820
360613009
366819821
368320613
369365031
370359986
372483324
375376998
377191624
386160125
387206803
388236629
389322715
390767805
393680384
396214817
396705850
398267933
399504139
403644510
405271241
405294114
406523616
407640215
409034008
409440917
409964209
413445555
413970676
415098738
415125988
416234117
420893416
421338751
422394915
422494892
423143809
423998207
425375749
428320166
428407040
432329359
433080264
434784320
437732180
438061576
439379392
441300476
442743694
446802139
448167275
449759658
451037082
460663604
461292350
461623335
463089258
465705075
468380930
468772463
469315305
474993489
479463478
482269466
482779202
489497283
495297582
503445962
504819568
505545655
505621369
508677784
512274980
513205542
514478240
516898030
517485518
519070361
520327493
531240825
533581116
538981385
540230883
540870287
548121140
548505575
549656154
552554483
554621588
564687659
565906332
568672096
569926898
573944513
575503382
578711871
580481336
581689935
581823611
582382439
583444931
583632780
585753852
589099110
589630621
592917348
593181116
596101068
598552907
599578436
605435799
609011088
611890323
614162469
614184718
616495002
616966087
621902510
623281443
626618887
633520878
633591849
634061935
634704289
638988602
640292083
641162920
641207113
643731470
644409850
648351960
648378725
648396070
648871785
649984269
650227464
651274106
654332899
655634226
660210528
662352548
663006872
663643190
665685878
666759104
668143951
669188402
672691066
676712453
680275744
683884930
684169530
689515931
689994204
692271650
701326733
703683538
706189032
711557300
712946153
713626082
713757634
714785149
715014146
716309452
717675523
717993716
720474144
727338240
729169126
731748239
736548342
737383681
737649236
742657440
744616270
744834001
748907609
750937776
751253558
752289436
759470311
759567185
760872426
764287570
766272903
766531706
768869170
769092238
772329522
778290233
780894831
782865976
786082851
786108499
786366186
787497345
789112528
792998679
793073830
795438760
796765566
797086646
797175933
798662983
800213686
800313075
801417848
810023476
814936039
816794541
817494372
817919162
818268197
819341451
826318942
828543789
829592946
832183004
834415190
839427258
840209365
842380120
843730278
850154685
853479708
857091223
859303480
859384107
861315976
861806092
864458703
871170776
876954959
880610531
884117346
891067901
895196148
896044807
896261985
897359084
900712865
901785446
904115431
907663159
918766543
919067794
924537090
927451757
928128950
928382160
930537556
932005342
932109955
933609675
935064657
939337564
941762709
942697288
944941662
945543969
946133122
946921604
951104207
953212136
962955592
965950774
972040545
973758434
977180721
978993673
981121228
983509693
988244238
988272525
989271465
994472630
998261319
999893321
1000625016
1002457428
1006163333
1009642750
1013266552
1014177818
1015577416
1015607897
1015869619
1019678275
1020279619
1025878758
1026586318
1030921658
1034776287
1036135474
1037428811
1038594674
1039413551
1040004221
1043492259
1044081216
1044271092
1044891439
1048541356
1051172720
1053407991
1053671330
1057808337
1060302066
1063550107
1064890090
1066809432
1068634275
1077357316
1078367994
1079268689
1080137990
1083396602
1083691299
1084396692
1084753458
1087494909
1087995894
1088593679
1090202227
1090789203
1091139764
1093595819
1096185016
1096838538
1100822615
1101387607
1104225530
1106323820
1107628832
1107666371
1109341409
1109930637
1113458887
1113561243
1113708680
1116294949
1118802996
1121644969
1125521127
1128721110
1128770629
1130657686
1133827319
1134259427
1134486150
1135036145
1136842767
1139174405
1140501047
1141760505
1143936899
1144720426
1145660550
1146016808
1146127465
1147613446
1155495007
1159126734
1161326281
1161853212
1166664132
1167960400
1170432574
1170640698
1170742591
1172221217
1173309924
1175647143
1178283420
1178532171
1180653415
1183666642
1184942934
1190445866
1192554034
1196048009
1201660813
1202816778
1205056972
1206233910
1207113446
1207155524
1207907240
1212807815
1214012504
1216444375
1216547192
1217036445
1218637261
1219353647
1219471982
1223463642
1223943613
1225744045
1226894381
1228938754
1231869105
1235433688
1235577452
1237271243
1241344515
1243553768
1244651363
1246254972
1248423170
1249093730
1249753884
1250771352
1251670810
1254134548
1254831557
1254968695
1257298260
1257402465
1262228996
1263103314
1265318047
1267178335
1267978979
1277265064
1278789234
1285963954
1288661614
1288746542
1290256684
1294073891
1294236694
1295135188
1296469286
1297344216
1300098768
1305759341
1307220275
1309409545
1309438464
1311684282
1312503678
1313217057
1314661451
1315384964
1317558510
1318726656
1319533898
1323429275
1325495515
1326567263
1332001600
1332320623
1336264259
1339893573
1341710134
1342764750
1344780950
1345875841
1346910427
1347118743
1347875733
1348600233
1348727594
1351074002
1351245068
1353322513
1353468914
1354577977
1354934663
1365800502
1366431893
1367573298
1369993760
1370746842
1372353526
1373590956
1373950715
1377476000
1378718952
1382892593
1388566528
1395747326
1397529631
1402018140
1402291462
1402985592
1403684244
1404004996
1407313190
1407415933
1407556781
1407578860
1409696674
1409814822
1412858527
1416756198
1419692717
1420658564
1421748731
1427415461
1427474583
1431752271
1433468882
1433633701
1436364880
1437937582
1439969770
1441870464
1447129119
1449726042
1452236571
1453825491
1454615707
1455833635
1456483438
1459120533
1461196605
1462305085
1462459763
1463004837
1465515158
1466884410
1467858440
1468490956
1468506729
1470934545
1472603419
1473635749
1475229145
1476708854
1476821535
1477041310
1480324760
1484543137
1486661607
1489647812
1490023532
1493910998
1497484954
1498256107
1499593300
1501031406
1502868044
1503398703
1507342886
1507582482
1512024412
1512406538
1515251978
1515545994
1516700069
1518344979
1520133731
1526107177
1526166210
1526541752
1528796047
1530563075
1530582324
1531337373
1534041870
1536548897
1537015205
1537061941
1537131446
1538399367
1547413817
1549272514
1549321916
1555206060
1555876413
1557908984
1560156147
1565117405
1565121634
1565982706
1567980977
1573184501
1573883900
1574039949
1579450594
1584468837
1590228796
1592709839
1593478834
1594610645
1594636181
1594972401
1594988686
1600301263
1603807364
1604801021
1606343650
1608203904
1609735222
1611269992
1611373850
1611592531
1612988241
1615507603
1616338701
1618099390
1619080256
1620531760
1620948429
1621145028
1623405588
1633002935
1634886106
1635925154
1637001572
1639076859
1642371178
1651268418
1653677861
1655615019
1655647538
1655707412
1655721435
1656288381
1664835438
1665491204
1668961755
1677744183
1678329750
1678831152
1680244599
1680909574
1682146249
1683155013
1684952952
1685759680
1687792277
1689211446
1690451512
1693451409
1698528055
1699439725
1707734974
1714799562
1714997244
1718134814
1728658047
1730929965
1734902915
1737951281
1740950345
1742280617
1744535126
1746205506
1747130101
1747288820
1749380595
1749694400
1750115781
1752027858
1752812595
1754667624
1755133535
1756609618
1757200563
1759385394
1759583062
1760754706
1767739743
1769679725
1769981380
1770894889
1771484728
1771713287
1773127780
1778002784
1779671009
1782031248
1784595043
1787294508
1788570600
1790089337
1790421134
1790770147
1792455297
1799124002
1800632637
1802798578
1803282599
1805090038
1808165323
1810943384
1811803618
1826074913
1828284143
1830513455
1831415899
1833911351
1834954400
1837204129
1842571056
1842600572
1843623599
1844599142
1846300184
1847414481
1848222064
1849702999
1851668985
1859076631
1859782440
1860221066
1860610873
1860832646
1863279403
1865679651
1867576326
1868840250
1871244045
1873801403
1873998975
1879018898
1879355652
1881403779
1888736307
1893957016
1897959370
1903271018
1903808025
1906019790
1907686946
1910904764
1913214358
1914882120
1916337324
1919681902
1921210404
1921670628
1922765177
1925151471
1925805120
1926014650
1928324920
1929744739
1937636299
1939847412
1941205915
1943998570
1946697179
1948062155
1948860621
1955921508
1960790607
1965557949
1967099795
1969541987
1971846261
1972506323
1978341236
1980844009
1988637873
1992649352
1992651376
1993520575
1993606884
1994805473
1994965863
1997391721
1997687478
2001962293
2004909755
2006788349
2008365028
2011751095
2016537472
2018199865
2019387554
2021047576
2026012667
2026646310
2028366096
2029220450
2031184592
2034416513
2034612522
2035648492
2035883311
2037947725
2039619626
2040533263
2041071027
2043821084
2043944085
2052100051
2053810465
2056641928
2057902459
2066136440
2069097387
2069413435
2070663060
2071907424
2075131526
2075615536
2076964844
2077246088
2081212678
2081824102
2081916670
2082206229
2085854030
2091176064
2094994411
2097571925
2098652364
2100368856
2101189794
2102659036
2106477612
2107516604
2109086953
2111624079
2118580746
2119532077
2122830883
2123402284
2125492780
2133830369
2135661161
2136002170
2137734218
2142890380
2143378213
2145284101
