100
4231237
24534273
53745611
56643579
60036941
84611634
86948798
92236899
106376460
126195210
154029094
154793710
157789410
192186438
204201140
214830651
230036100
252195923
254944180
256691841
268576263
321319734
322524655
378391133
405011122
416726838
427543062
427696195
439400296
470464534
471852834
476342555
514644993
529541946
552560755
590089031
618766851
621907159
629642245
693993525
721879144
729218008
733034397
734295707
745123135
769369714
804738852
831254018
924029625
944161282
949991353
976991993
995100153
1011824984
1079197658
1161470964
1161849973
1303907116
1316643684
1328441389
1350784227
1353572223
1400527755
1416415144
1440949417
1476590381
1477673444
1492424968
1499338862
1522881387
1524642100
1531474335
1534317024
1557154223
1566069135
1570300372
1575058959
1579633598
1600623732
1627953438
1654912006
1706810225
1792810171
1800050598
1802581697
1847098445
1877729996
1881601503
1889530496
1913112712
1917073740
1963027532
1973293655
1975386488
1999934014
2036952633
2050098133
2081931136
2087867931
2131596259
