1000
948798
4617666
7808306
9393310
10246761
11256615
14720866
14858928
15675820
20918026
24486348
26590146
36477324
39479391
39692268
40815323
40989225
44317889
44930490
47062024
47413485
47655292
49472134
53871764
53902437
57955301
58425072
59439855
60402452
60578948
61381573
62321847
64620122
64621764
69991288
73316765
80164657
83111126
83467790
84200574
84305055
84947206
90234012
90728845
90943023
90970080
94486100
96530309
103668362
104078959
104697281
105204211
106468612
107453426
112461827
113646658
118273345
118874827
120278868
122409907
124385231
129892667
131420076
134125471
137873005
141143849
146684654
147544728
150475583
151169032
160297706
162738874
163514562
165359577
167151657
172489016
175325095
181064076
185232008
188228368
188339147
189023865
191376243
193811686
197498139
205178792
205667146
205763971
209216369
209357640
212216465
212321893
214197722
219189509
223806361
225483079
230041004
232361433
232707562
234491688
235537449
238568318
239192662
239288393
241596488
245711486
248910076
249547821
253885788
258271925
258393095
260177452
260767337
266316368
268274630
268630081
270921059
274552310
279881096
281505028
281613110
282992131
285885532
289443638
292094480
292512229
293669384
294913401
294914007
295845187
299019955
300843798
301224716
302338311
303260609
303437574
305153321
305456967
305797229
308968726
309896105
312310925
312540387
314025098
314277630
318732975
321673254
322943235
323400683
329950245
330027428
334263718
337780543
337933419
339318366
340751493
341263971
348660994
351787858
353931760
354723557
360535151
364212634
364356557
365164435
374721006
375960598
376411406
379401764
381647729
382704071
384693257
385152568
387792707
389080208
389938665
393036373
398180824
398978165
399684388
400311574
401449914
402817176
405200404
407031999
407917243
408976952
415752918
419458050
420380229
421064348
421144858
422276321
424847271
424952068
430356751
431145771
432429410
436226151
438022406
440778748
441152398
441543386
442509444
442582863
443461995
444165772
445889292
447737306
449655700
451417526
459287751
461541369
462129323
462630704
462636017
463728102
464075716
465288329
466869254
467159393
474735300
475287557
475338049
477131273
481257941
483152178
484465197
484616629
484710349
492256057
494296675
502346197
503509786
506788308
507311818
509196662
511585605
512601379
514628198
518017456
519077804
522831557
524892188
528607064
528783086
529575207
530987590
532229155
532494976
540072264
541021062
542349321
551455885
552165927
553193471
556220447
556249440
559675906
560968334
561158058
561221001
564071538
565330774
566228501
566985906
568351384
570612941
571954212
572751617
573112927
574031895
574609074
577386548
579854684
580278072
586343182
586578347
591194398
595056889
595699838
596179528
599099005
607593713
608499618
610420276
610688432
613106287
617863472
618829368
620461206
623436360
624712084
626549896
627340096
630817860
631191889
631830595
632569571
633603333
633832909
638506158
641295524
645465707
646407628
651903223
652865110
659245964
659943994
661403186
663803789
665303123
667142661
669044763
669055742
669335516
672623867
683815763
685131589
686550206
686920137
688173923
688603305
689970511
690701336
690744874
691474684
692044742
694884592
697996615
698814351
703765176
718727761
719517184
720581310
727032804
727046200
727254962
727703875
733990127
734486223
736291682
736829312
738888169
739099338
739903274
750253787
757239423
758733385
759526392
761435256
761832525
764205168
765756831
767952805
768625625
773352421
773706747
774302498
774684102
779452573
780021165
780276221
780983403
781073845
781699695
784556343
789137135
791170438
791375502
792557375
792681497
794297660
796305423
798779533
799797675
803936512
806073615
810529685
813556461
816767363
817649625
821490239
831327932
832197407
834227968
835016034
840087960
841094012
843938281
844816383
849519025
849659012
849856412
850207860
854012493
854177323
856600766
857383910
858810062
865342746
866186616
868107021
873897084
875226879
880907482
882635798
883118616
890622480
891728999
891836811
894827816
895633143
898623865
900691579
901323993
903199861
903694030
909520902
911678796
914517120
915472211
918823846
923549036
937093518
939017378
941025576
943526760
950281823
951955835
952250755
952526302
955815363
961581604
966314431
967479004
968129758
968306141
968539248
970048315
970872719
971415404
972307651
972484382
973249931
977417049
980984441
982040187
982283587
987970057
989066885
989862803
993305296
993928042
998064995
998460195
1001156988
1001966070
1002061103
1002530750
1003225967
1004325149
1005847866
1014767753
1015650743
1017488953
1019378221
1022364720
1025567520
1033248958
1034255605
1034399729
1035368824
1036635958
1038275197
1038435049
1038719139
1039947460
1041563390
1043676639
1043684770
1044676634
1047438579
1047952738
1049981055
1050881388
1051501964
1055170593
1056557725
1058873743
1059757143
1059759226
1061675753
1063491409
1063572552
1064072614
1066222830
1066549868
1067645580
1069703185
1071948663
1073174629
1075189622
1079555128
1086676129
1089722153
1094576104
1095801272
1098747339
1102125210
1103852819
1105019485
1107705836
1111695957
1117024022
1119998073
1122081073
1122807403
1128961256
1130389024
1131918108
1137677904
1138450621
1143103514
1145117647
1145797351
1146187015
1148113447
1148639899
1149705405
1151022553
1157901392
1160021719
1160172921
1160290529
1160578866
1161608395
1165516129
1168622618
1170430172
1171594739
1171656767
1171682539
1172641836
1173292702
1174721130
1177346127
1179334788
1179878086
1185140214
1186133836
1187943376
1189712479
1194824334
1196164089
1199294309
1202370853
1206457871
1212987135
1215576146
1215644317
1219646915
1221711406
1222061290
1222900713
1225009819
1225087660
1225103572
1230088371
1230588358
1232684421
1235015694
1237120082
1239887836
1242008487
1242102951
1242224530
1243962489
1245436839
1246071828
1248078063
1248311187
1248697520
1253292447
1254398011
1255893105
1256990886
1261457053
1264050381
1268271184
1272275401
1273635373
1275627442
1287714011
1294358639
1298417618
1299465014
1301325174
1309121616
1313568821
1314137696
1317781970
1318404295
1323058125
1327657506
1332518775
1333266003
1334839137
1335067775
1337042116
1341448185
1342013932
1347719731
1348916186
1351549675
1355013826
1355027238
1356010998
1357235309
1357568089
1359200552
1359543939
1360865713
1361265992
1361521070
1365060253
1365407397
1365497163
1366557225
1366969707
1369760225
1370193081
1371209283
1372286320
1374859869
1375219759
1379402431
1379837426
1381347462
1381739470
1383866960
1388150760
1388692428
1391049256
1392295254
1393264233
1394797018
1395959066
1396772669
1397636754
1398624775
1402315013
1402711326
1404186525
1405504204
1406343250
1406773178
1409142647
1409453179
1409610454
1410340789
1410787401
1412982539
1414334104
1414482783
1422665758
1422689358
1423744705
1425128999
1425375063
1426216181
1428617543
1428772579
1428823268
1430884854
1437927064
1438093814
1438902620
1442360281
1445365999
1446988994
1450435830
1450993905
1451987643
1452390437
1455140287
1455866906
1459754462
1468162723
1469573327
1469580343
1474136500
1476343483
1477406455
1478015646
1479497274
1479793759
1479871538
1482891977
1484432256
1488842407
1490204841
1490250979
1490283362
1490535601
1490603684
1496473615
1498231024
1498770954
1501300529
1502305414
1504269514
1505700430
1506726331
1509169272
1509583163
1513898232
1514714786
1515204846
1515852288
1520465033
1520799033
1522214243
1526157197
1527282766
1534298784
1535241191
1535654618
1536433125
1539822412
1541320169
1542824681
1542933137
1548787266
1558749083
1560446725
1561788259
1567070884
1567745083
1568402341
1571433938
1576056515
1586453119
1587420882
1587451331
1595104868
1595445671
1595792737
1596219937
1597022959
1600271740
1601766804
1602526337
1605379488
1606928107
1608060109
1610334643
1611547976
1614065601
1614249134
1615955891
1618240779
1619332045
1619433049
1620157845
1620906072
1622141889
1624841339
1628515092
1632459883
1633099707
1636930982
1637294565
1640160536
1642060965
1644164152
1645483801
1645785874
1647861903
1648683210
1652148710
1652576170
1653952540
1659817915
1662490154
1664364014
1664440847
1665311775
1668534563
1672755279
1672929549
1673020834
1677833596
1678192487
1684306633
1686723898
1688480033
1691216237
1691319439
1691499027
1696456811
1696698485
1697024297
1697405609
1697577181
1697625334
1699553675
1699891454
1701231974
1704158655
1706079820
1706295709
1706988173
1711607977
1713662898
1716306631
1717234934
1719059450
1725519133
1728320453
1728951591
1733227680
1734670679
1738926828
1740870745
1740922835
1742968631
1743925572
1756546254
1756665946
1760576899
1763042997
1764435181
1764686717
1766334268
1771075839
1771868683
1776018773
1777680829
1780916360
1782463833
1790612787
1793266734
1794521075
1796766553
1798215508
1801505010
1802734162
1804605922
1810019221
1810443838
1812427630
1814853093
1822604771
1826891153
1828436570
1828644722
1829045410
1829476776
1831935876
1832342722
1837982430
1842618710
1843609452
1844418171
1844634615
1847664652
1851210594
1854020993
1854145579
1855013589
1860965979
1861290523
1861496051
1861818331
1862896454
1864572576
1864914777
1865100559
1865817428
1867586466
1867787974
1870994548
1872195705
1872392390
1876054065
1876117299
1876383867
1877633707
1878290258
1882639151
1886294970
1890817001
1893147336
1899160504
1899521828
1900970269
1901656794
1903587652
1909038293
1909256379
1910587726
1910619187
1913883909
1916551435
1919926027
1920101299
1926033535
1926219880
1926655221
1928121718
1930607832
1933659487
1933684599
1935111103
1939381165
1939787966
1941926582
1942540190
1944385378
1944593975
1945957765
1947130312
1956238882
1966340870
1970074559
1972431815
1972691801
1975329376
1976734492
1978463598
1983989716
1987530271
1991710998
1991935247
1996024823
1998170394
2000791473
2002757663
2003652367
2010305039
2010832403
2013822291
2013879567
2016491986
2019358355
2029706901
2032569334
2032702536
2037372335
2040301880
2040748857
2041520186
2042681318
2043760164
2048108862
2049566959
2054042982
2060813541
2066370423
2067177902
2071535384
2073106294
2075438313
2077499824
2077590972
2078156160
2079637227
2081745395
2082258383
2083918156
2087960445
2093932658
2095590853
2100471580
2100572520
2102493436
2102681889
2108467156
2111112557
2114802264
2114981730
2115039035
2115614248
2118095456
2118141960
2118711337
2131219988
2134207639
2135058872
2137187390
2137442718
2137881570
2138606696
2138767000
2141651849
2142082205
2143758739
2145464255
2145565038
