100
13540367
53703619
67287996
96629215
133592230
164528903
174590707
175068112
275856349
287642102
298121133
306016282
320109143
363156933
368252581
374743125
385090053
402645497
407409728
409823499
434824415
445545382
465392942
471695924
476535939
502632598
516474817
537546857
546131256
573073122
578613707
595965492
639500127
648186679
650067047
651320756
671323575
731013030
757702062
759284159
773502153
777388622
787812660
795565276
803487048
816875138
840522284
870578757
922636910
938962858
946845242
948188180
1024590180
1039576156
1047665331
1122778888
1124744964
1128164387
1156714315
1192032960
1199196678
1221259801
1223095005
1229736975
1244926855
1282794441
1285112631
1330606462
1335142395
1359137011
1415498797
1470519899
1492997545
1498300731
1552347403
1605221775
1658391417
1660258855
1668640387
1672007308
1672891439
1733251959
1747407619
1809379953
1813999803
1835326968
1851295033
1862303586
1887727345
1891366064
1920015158
1931651435
1937122521
1972698831
2025302251
2060183063
2067127245
2094560015
2118421170
2125420525
